1 0.059375 0.434028 0.117188 0.129167
1 0.080469 0.659722 0.159375 0.230556
1 0.160156 0.370833 0.060938 0.072222
1 0.227734 0.438194 0.096094 0.098611
1 0.246094 0.392361 0.085938 0.084722
1 0.298438 0.371528 0.076563 0.073611
1 0.354688 0.349306 0.048437 0.045833
1 0.316797 0.483333 0.097656 0.127778
1 0.412500 0.552778 0.168750 0.208333
1 0.406641 0.343056 0.055469 0.052778
1 0.410547 0.385417 0.082031 0.073611
1 0.526563 0.337500 0.068750 0.072222
1 0.552344 0.377083 0.065625 0.056944
1 0.532812 0.450000 0.120312 0.138889
1 0.614062 0.416667 0.101563 0.113889
1 0.642578 0.340278 0.058594 0.061111
1 0.675781 0.361806 0.081250 0.081944
1 0.786328 0.313889 0.058594 0.058333
1 0.825000 0.400000 0.125000 0.108333
1 0.722266 0.543750 0.214844 0.218056
