1 0.153906 0.399306 0.048437 0.079167
1 0.440236 0.486806 0.094531 0.126389
1 0.477343 0.358333 0.050000 0.044444
1 0.534375 0.579167 0.171875 0.222222
1 0.048827 0.395834 0.061719 0.066667
1 0.892188 0.337500 0.046875 0.044444
1 0.077344 0.365972 0.048437 0.048611
1 0.195703 0.429167 0.113281 0.125000
1 0.200391 0.354167 0.052344 0.050000
1 0.181250 0.647222 0.226563 0.208333
1 0.296094 0.371528 0.057813 0.054167
1 0.357031 0.440278 0.093750 0.094444
1 0.373437 0.396528 0.070313 0.073611
1 0.426953 0.382639 0.063281 0.068056
1 0.526562 0.357639 0.056250 0.048611
1 0.532422 0.398611 0.080469 0.075000
1 0.653125 0.352778 0.057813 0.066667
1 0.678515 0.393750 0.063281 0.054167
1 0.655078 0.472222 0.122656 0.133333
1 0.696875 0.347222 0.042188 0.047222
1 0.750390 0.327083 0.041406 0.048611
1 0.776172 0.359028 0.055469 0.054167
1 0.806250 0.387500 0.073437 0.080556
1 0.748828 0.441667 0.110156 0.119444
1 0.926172 0.343750 0.047656 0.056944
1 0.950391 0.436805 0.088281 0.120833
1 0.862500 0.589583 0.234375 0.240278
1 0.042188 0.540972 0.084375 0.156944
1 0.044922 0.367361 0.039844 0.048611
1 0.796875 0.333333 0.054688 0.044444
