1 0.164843 0.402084 0.048437 0.079167
1 0.449611 0.496528 0.094531 0.126389
1 0.485155 0.365277 0.050000 0.044444
1 0.544531 0.587500 0.171875 0.222222
1 0.058983 0.405556 0.061719 0.066667
1 0.900782 0.344444 0.046875 0.044444
1 0.088281 0.381250 0.048437 0.048611
1 0.205859 0.434723 0.113281 0.125000
1 0.211329 0.370834 0.052344 0.050000
1 0.190625 0.655555 0.226563 0.208333
1 0.305469 0.384028 0.057813 0.054167
1 0.539843 0.363195 0.056250 0.048611
1 0.541016 0.406944 0.080469 0.075000
1 0.659375 0.347222 0.057813 0.066667
1 0.678515 0.393750 0.063281 0.054167
1 0.666016 0.477778 0.122656 0.133333
1 0.714062 0.352778 0.042188 0.047222
1 0.758984 0.335416 0.041406 0.048611
1 0.782422 0.364584 0.055469 0.054167
1 0.815625 0.395833 0.073437 0.080556
1 0.748828 0.441667 0.110156 0.119444
1 0.936328 0.342361 0.047656 0.056944
1 0.955078 0.438194 0.088281 0.120833
1 0.875000 0.593750 0.234375 0.240278
1 0.803125 0.333333 0.054688 0.044444
1 0.048437 0.554861 0.096875 0.154167
1 0.432422 0.386111 0.066406 0.069444
1 0.383984 0.406944 0.069531 0.069444
1 0.368359 0.443750 0.086719 0.084722
