1 0.063672 0.361111 0.063281 0.052778
1 0.040625 0.333333 0.054688 0.052778
1 0.098438 0.320833 0.050000 0.047222
1 0.146094 0.345833 0.059375 0.055556
1 0.228906 0.327778 0.048437 0.052778
1 0.356250 0.330556 0.046875 0.047222
1 0.304688 0.335417 0.048437 0.048611
1 0.040625 0.493056 0.079687 0.144444
1 0.095312 0.807639 0.190625 0.376389
1 0.233203 0.432639 0.094531 0.098611
1 0.183984 0.493056 0.147656 0.152778
1 0.422266 0.323611 0.044531 0.044444
1 0.451953 0.396528 0.075781 0.076389
1 0.491797 0.425694 0.091406 0.095833
1 0.507422 0.338889 0.075781 0.088889
1 0.386719 0.483333 0.145313 0.172222
1 0.609766 0.346528 0.039844 0.048611
1 0.587891 0.368056 0.057031 0.061111
1 0.573438 0.492361 0.118750 0.143056
1 0.687500 0.381944 0.070313 0.080556
1 0.722656 0.409028 0.107813 0.118056
1 0.732813 0.622917 0.215625 0.226389
1 0.816016 0.363889 0.057031 0.066667
1 0.767187 0.344444 0.042188 0.050000
1 0.966406 0.387500 0.067188 0.075000
1 0.910937 0.400000 0.090625 0.088889
1 0.894922 0.441667 0.100781 0.097222
1 0.970312 0.511111 0.059375 0.147222
