1 0.027734 0.373611 0.055469 0.055556
1 0.108594 0.402083 0.071875 0.087500
1 0.144531 0.430556 0.121875 0.130556
1 0.132422 0.647917 0.239844 0.212500
1 0.247266 0.372917 0.064844 0.065278
1 0.382031 0.382639 0.062500 0.068056
1 0.329688 0.400000 0.078125 0.072222
1 0.312891 0.441667 0.086719 0.086111
1 0.397656 0.493750 0.093750 0.120833
1 0.492188 0.572917 0.175000 0.212500
1 0.433203 0.363889 0.050781 0.041667
1 0.489453 0.404861 0.080469 0.073611
1 0.605469 0.359028 0.075000 0.070833
1 0.625391 0.400694 0.074219 0.059722
1 0.608203 0.471528 0.138281 0.129167
1 0.695703 0.443750 0.114844 0.120833
1 0.726953 0.370833 0.060156 0.052778
1 0.745313 0.339583 0.051562 0.062500
1 0.761719 0.398611 0.087500 0.080556
1 0.877344 0.349306 0.064062 0.056944
1 0.918359 0.440972 0.130469 0.118056
1 0.810547 0.581944 0.224219 0.227778
