1 0.654297 0.657638 0.208594 0.226389
1 0.910547 0.547917 0.107031 0.134722
1 0.963672 0.674306 0.071094 0.237500
1 0.945703 0.409722 0.060156 0.052778
1 0.885938 0.424306 0.064062 0.073611
1 0.825000 0.436111 0.079687 0.086111
1 0.808203 0.479167 0.100781 0.100000
1 0.736328 0.394444 0.061719 0.072222
1 0.044141 0.833333 0.088281 0.333333
1 0.057813 0.347222 0.060938 0.066667
1 0.017188 0.327083 0.034375 0.054167
1 0.146094 0.445833 0.100000 0.111111
1 0.095703 0.506250 0.152344 0.151389
1 0.276172 0.344444 0.041406 0.047222
1 0.303516 0.502778 0.135156 0.186111
1 0.425000 0.448611 0.084375 0.102778
1 0.538281 0.369444 0.035937 0.050000
1 0.515625 0.392361 0.051562 0.059722
1 0.500391 0.517361 0.107031 0.145833
1 0.612891 0.405556 0.066406 0.077778
1 0.645703 0.440278 0.105469 0.119444
