1 0.044531 0.498611 0.087500 0.186111
1 0.135547 0.422917 0.099219 0.104167
1 0.160547 0.331250 0.074219 0.104167
1 0.273047 0.335417 0.044531 0.048611
1 0.247266 0.358333 0.061719 0.061111
1 0.220703 0.485417 0.130469 0.143056
1 0.375391 0.596528 0.203906 0.204167
1 0.347656 0.371528 0.064062 0.073611
1 0.380078 0.391667 0.103906 0.119444
1 0.469141 0.347917 0.060156 0.065278
1 0.647266 0.349306 0.053906 0.043056
1 0.592969 0.366667 0.070313 0.072222
1 0.546484 0.379861 0.069531 0.068056
1 0.530078 0.420139 0.083594 0.081944
1 0.615625 0.471528 0.095312 0.120833
1 0.707422 0.390278 0.086719 0.077778
1 0.837500 0.356944 0.082813 0.077778
1 0.896484 0.355556 0.050781 0.050000
1 0.971094 0.368056 0.057813 0.055556
1 0.867969 0.402083 0.071875 0.062500
1 0.947656 0.456250 0.104687 0.131944
1 0.846094 0.475000 0.145313 0.144444
1 0.714063 0.565972 0.201562 0.218056
