1 0.033203 0.363194 0.061719 0.054167
1 0.069141 0.331250 0.049219 0.056944
1 0.116406 0.348611 0.057813 0.052778
1 0.324219 0.334028 0.039063 0.045833
1 0.201562 0.440278 0.100000 0.100000
1 0.151953 0.499306 0.146094 0.154167
1 0.021875 0.509722 0.042188 0.130556
1 0.073437 0.815972 0.146875 0.368056
1 0.351563 0.492361 0.140625 0.187500
1 0.473828 0.426389 0.078906 0.097222
1 0.585156 0.346528 0.037500 0.045833
1 0.564453 0.369444 0.053906 0.058333
1 0.545703 0.496528 0.107031 0.140278
1 0.654688 0.379861 0.051562 0.076389
1 0.694141 0.404167 0.105469 0.127778
1 0.788672 0.367361 0.058594 0.056944
1 0.702344 0.629861 0.212500 0.240278
1 0.985156 0.364583 0.028125 0.048611
1 0.944531 0.384722 0.068750 0.077778
1 0.880469 0.400000 0.081250 0.083333
1 0.866797 0.445139 0.100781 0.101389
1 0.953906 0.510417 0.090625 0.143056
1 0.201953 0.332639 0.049219 0.045833
1 0.276953 0.338194 0.046094 0.054167
