1 0.421095 0.307638 0.071875 0.070833
1 0.448439 0.356249 0.064062 0.062500
1 0.431251 0.430556 0.123438 0.133333
1 0.509765 0.388890 0.103906 0.113889
1 0.539453 0.304861 0.050781 0.051389
1 0.570313 0.333334 0.085938 0.080556
1 0.638282 0.276390 0.037500 0.041667
1 0.614845 0.515278 0.214062 0.219444
1 0.111328 0.434722 0.100781 0.097222
1 0.127343 0.388889 0.087500 0.075000
1 0.181641 0.358333 0.080469 0.069444
1 0.241406 0.331250 0.043750 0.045833
1 0.202345 0.480555 0.100000 0.130556
1 0.305078 0.552083 0.180469 0.223611
1 0.299609 0.327778 0.053906 0.052778
1 0.305860 0.369444 0.089844 0.072222
1 0.555079 0.278473 0.049219 0.051389
1 0.919922 0.314583 0.099219 0.062500
1 0.925782 0.379861 0.145313 0.123611
