1 0.407032 0.332638 0.071875 0.070833
1 0.432814 0.378471 0.064062 0.062500
1 0.414063 0.452778 0.123438 0.133333
1 0.493359 0.408334 0.103906 0.113889
1 0.520703 0.325694 0.050781 0.051389
1 0.554688 0.347223 0.085938 0.080556
1 0.623438 0.291668 0.037500 0.041667
1 0.597657 0.530556 0.214062 0.219444
1 0.090234 0.466666 0.100781 0.097222
1 0.104687 0.418056 0.087500 0.075000
1 0.164453 0.388889 0.080469 0.069444
1 0.221094 0.357639 0.043750 0.045833
1 0.182032 0.506944 0.100000 0.130556
1 0.288672 0.582639 0.180469 0.223611
1 0.280078 0.352778 0.053906 0.052778
1 0.290235 0.395833 0.089844 0.072222
1 0.541016 0.297917 0.049219 0.051389
1 0.898047 0.320139 0.099219 0.062500
1 0.908594 0.393750 0.145313 0.123611
