1 0.095313 0.367361 0.043750 0.048611
1 0.169531 0.396528 0.048437 0.079167
1 0.212500 0.426389 0.104687 0.127778
1 0.300001 0.371528 0.043750 0.059722
1 0.194531 0.646527 0.210938 0.209722
1 0.439843 0.379861 0.060938 0.068056
1 0.387891 0.396528 0.069531 0.079167
1 0.373047 0.440973 0.083594 0.084722
1 0.454298 0.493750 0.094531 0.126389
1 0.490625 0.361111 0.050000 0.044444
1 0.546484 0.403471 0.082031 0.076389
1 0.546875 0.583333 0.171875 0.222222
1 0.808985 0.333333 0.058594 0.058333
1 0.629296 0.343056 0.036719 0.044444
1 0.663672 0.360416 0.078906 0.079167
1 0.689063 0.400695 0.070313 0.065278
1 0.671095 0.484027 0.139062 0.143056
1 0.066015 0.394445 0.061719 0.066667
1 0.766016 0.333333 0.044531 0.047222
1 0.791406 0.362500 0.062500 0.055556
1 0.906250 0.341667 0.046875 0.044444
1 0.052344 0.538194 0.104687 0.156944
1 0.218750 0.357639 0.043750 0.045833
1 0.544141 0.358333 0.050781 0.041667
1 0.762109 0.448611 0.107031 0.116667
1 0.823438 0.397222 0.078125 0.075000
1 0.949219 0.347222 0.053125 0.055556
1 0.959766 0.440278 0.078906 0.119444
1 0.873438 0.597917 0.234375 0.234722
