1 0.100391 0.306944 0.047656 0.052778
1 0.037891 0.321528 0.058594 0.059722
1 0.062891 0.341667 0.060156 0.055556
1 0.146875 0.336806 0.057813 0.062500
1 0.355078 0.336111 0.041406 0.047222
1 0.233594 0.429167 0.089062 0.097222
1 0.183984 0.486111 0.146094 0.147222
1 0.038281 0.475694 0.076563 0.145833
1 0.092188 0.807639 0.184375 0.384722
1 0.381641 0.495833 0.144531 0.188889
1 0.506641 0.436806 0.069531 0.101389
1 0.573828 0.515278 0.114844 0.163889
1 0.589063 0.389583 0.057813 0.065278
1 0.611719 0.365972 0.040625 0.056944
1 0.682813 0.402083 0.054688 0.073611
1 0.723437 0.436806 0.104687 0.129167
1 0.817578 0.400000 0.061719 0.061111
1 0.970312 0.429861 0.057813 0.081944
1 0.911719 0.439583 0.084375 0.093056
1 0.895703 0.484722 0.105469 0.102778
1 0.972656 0.558333 0.053125 0.150000
1 0.730859 0.654861 0.214844 0.240278
1 0.230078 0.325000 0.046094 0.047222
1 0.305078 0.335417 0.046094 0.051389
