1 0.031250 0.375000 0.062500 0.063889
1 0.133984 0.346528 0.053906 0.043056
1 0.155469 0.367361 0.062500 0.048611
1 0.189063 0.333333 0.048437 0.041667
1 0.232031 0.354167 0.056250 0.050000
1 0.264844 0.330556 0.042188 0.041667
1 0.310547 0.333333 0.046094 0.044444
1 0.432813 0.325000 0.051562 0.047222
1 0.381250 0.336111 0.048437 0.047222
1 0.316016 0.435417 0.094531 0.093056
1 0.274219 0.495139 0.135937 0.140278
1 0.102344 0.504167 0.154687 0.141667
1 0.032812 0.646528 0.062500 0.173611
1 0.142969 0.804167 0.289063 0.369444
1 0.508984 0.368056 0.053906 0.061111
1 0.531250 0.395833 0.076563 0.086111
1 0.574609 0.415972 0.086719 0.109722
1 0.466016 0.476389 0.144531 0.175000
1 0.657422 0.474306 0.116406 0.140278
1 0.666797 0.350694 0.057031 0.062500
1 0.685938 0.328472 0.045313 0.045833
1 0.767578 0.359722 0.067969 0.086111
1 0.808984 0.383333 0.116406 0.133333
1 0.854688 0.318750 0.056250 0.056944
1 0.907031 0.334722 0.064062 0.077778
1 0.979688 0.356944 0.040625 0.052778
1 0.969531 0.418750 0.060938 0.104167
1 0.826563 0.602778 0.229687 0.241667
