1 0.027734 0.450694 0.053906 0.106944
1 0.107422 0.325694 0.042969 0.048611
1 0.148438 0.328472 0.046875 0.054167
1 0.333594 0.340972 0.042188 0.090278
1 0.312500 0.427083 0.064062 0.093056
1 0.160547 0.495833 0.136719 0.188889
1 0.358203 0.488194 0.075781 0.137500
1 0.422266 0.344444 0.033594 0.047222
1 0.398438 0.366667 0.059375 0.066667
1 0.488281 0.376389 0.054688 0.077778
1 0.523438 0.400694 0.100000 0.120833
1 0.525391 0.613889 0.202344 0.211111
1 0.608984 0.363194 0.047656 0.048611
1 0.748828 0.372917 0.064844 0.070833
1 0.804297 0.356250 0.055469 0.048611
1 0.694922 0.393750 0.075781 0.068056
1 0.678516 0.430556 0.088281 0.094444
1 0.769531 0.486806 0.100000 0.131944
1 0.892969 0.603472 0.196875 0.243056
1 0.975391 0.503472 0.047656 0.148611
1 0.870313 0.405556 0.090625 0.083333
1 0.090625 0.339583 0.050000 0.054167
1 0.014844 0.335417 0.029687 0.045833
