1 0.041016 0.472917 0.078906 0.140278
1 0.024219 0.406250 0.046875 0.051389
1 0.126953 0.410417 0.063281 0.062500
1 0.062109 0.723611 0.121094 0.219444
1 0.269922 0.411806 0.064844 0.068056
1 0.212500 0.436806 0.076563 0.070833
1 0.198828 0.484028 0.094531 0.090278
1 0.279297 0.529167 0.107031 0.122222
1 0.380859 0.604167 0.175781 0.205556
1 0.323047 0.388194 0.038281 0.045833
1 0.378906 0.383333 0.048437 0.047222
1 0.381641 0.429167 0.077344 0.072222
1 0.500000 0.377083 0.071875 0.070833
1 0.521094 0.425694 0.064062 0.062500
1 0.504687 0.494444 0.123438 0.133333
1 0.587891 0.465278 0.103906 0.113889
1 0.614453 0.378472 0.050781 0.051389
1 0.633203 0.350694 0.049219 0.054167
1 0.649219 0.405556 0.085938 0.080556
1 0.717188 0.351389 0.037500 0.041667
1 0.751562 0.349306 0.043750 0.065278
1 0.969141 0.477778 0.061719 0.136111
1 0.692969 0.588889 0.214062 0.219444
