1 0.024219 0.345833 0.048437 0.061111
1 0.101563 0.325000 0.053125 0.047222
1 0.183203 0.329861 0.052344 0.048611
1 0.237109 0.326389 0.049219 0.044444
1 0.103516 0.434028 0.107031 0.101389
1 0.065234 0.497917 0.130469 0.151389
1 0.264453 0.480556 0.149219 0.177778
1 0.338672 0.393056 0.083594 0.083333
1 0.380469 0.420833 0.098438 0.091667
1 0.479297 0.360417 0.057031 0.065278
1 0.460938 0.481944 0.123438 0.136111
1 0.575781 0.370139 0.065625 0.079167
1 0.605078 0.395833 0.103906 0.125000
1 0.700000 0.356944 0.062500 0.061111
1 0.609766 0.602778 0.207031 0.211111
1 0.897656 0.356944 0.059375 0.050000
1 0.964844 0.361806 0.070313 0.051389
1 0.957422 0.409722 0.085156 0.091667
1 0.839844 0.373611 0.064062 0.069444
1 0.780078 0.384722 0.077344 0.083333
1 0.768359 0.431944 0.096094 0.094444
1 0.863672 0.488194 0.105469 0.137500
1 0.935156 0.603472 0.129688 0.248611
