1 0.305729 0.623148 0.220833 0.201852
1 0.146875 0.510185 0.130208 0.125926
1 0.060156 0.444907 0.105729 0.104630
1 0.641927 0.588889 0.176563 0.201852
1 0.771875 0.496296 0.123958 0.131481
1 0.545573 0.492593 0.083854 0.101852
1 0.863281 0.476389 0.119271 0.112037
1 0.937760 0.422222 0.080729 0.090741
1 0.901042 0.392130 0.053125 0.050926
1 0.465104 0.440278 0.076042 0.084259
1 0.312240 0.418981 0.099479 0.121296
1 0.172656 0.374537 0.054688 0.065741
1 0.083073 0.354167 0.086979 0.095370
1 0.530729 0.381944 0.058333 0.065741
1 0.582812 0.364352 0.033333 0.036111
1 0.937240 0.631019 0.125521 0.228704
