1 0.087499 0.415973 0.048437 0.079167
1 0.384767 0.515972 0.094531 0.126389
1 0.424999 0.383333 0.050000 0.044444
1 0.480468 0.597222 0.171875 0.222222
1 0.827345 0.373611 0.046875 0.044444
1 0.133203 0.447223 0.113281 0.125000
1 0.137892 0.377778 0.052344 0.050000
1 0.114844 0.673611 0.226563 0.208333
1 0.234375 0.392361 0.057813 0.054167
1 0.478516 0.425000 0.080469 0.075000
1 0.621484 0.425694 0.063281 0.054167
1 0.596485 0.500000 0.122656 0.133333
1 0.716016 0.390973 0.055469 0.054167
1 0.742969 0.420833 0.073437 0.080556
1 0.683984 0.476389 0.110156 0.119444
1 0.863672 0.375694 0.047656 0.056944
1 0.891797 0.471527 0.088281 0.120833
1 0.794531 0.622917 0.234375 0.240278
1 0.369141 0.404167 0.066406 0.069444
1 0.318359 0.413888 0.069531 0.069444
1 0.301953 0.463194 0.086719 0.084722
1 0.034375 0.550000 0.012500 0.008333
1 0.591406 0.383333 0.070313 0.075000
1 0.024609 0.387500 0.049219 0.061111
