1 0.381641 0.445833 0.053906 0.058333
1 0.403906 0.422222 0.037500 0.055556
1 0.508202 0.485417 0.099219 0.115278
1 0.514453 0.696528 0.199219 0.215278
1 0.782422 0.440972 0.053906 0.043056
1 0.753906 0.572222 0.096875 0.127778
1 0.873438 0.677779 0.190625 0.227778
1 0.296876 0.503473 0.065625 0.106944
1 0.360156 0.566667 0.118750 0.147222
1 0.017188 0.528472 0.034375 0.104167
1 0.069922 0.412500 0.050781 0.055556
1 0.130859 0.407639 0.047656 0.048611
1 0.964453 0.584028 0.069531 0.148611
1 0.732813 0.456944 0.060938 0.066667
1 0.591016 0.438889 0.046094 0.055556
1 0.676172 0.473611 0.074219 0.072222
1 0.661719 0.511111 0.092188 0.094444
1 0.156641 0.572917 0.169531 0.187500
1 0.847656 0.484028 0.087500 0.079167
1 0.975781 0.454861 0.046875 0.090278
