1 0.344141 0.454166 0.053906 0.058333
1 0.366406 0.430555 0.037500 0.055556
1 0.473046 0.490973 0.099219 0.115278
1 0.473828 0.703472 0.199219 0.215278
1 0.551172 0.449306 0.044531 0.056944
1 0.635938 0.470139 0.070313 0.068056
1 0.624609 0.518056 0.085156 0.083333
1 0.692188 0.462500 0.054688 0.061111
1 0.744141 0.443750 0.053906 0.043056
1 0.794140 0.488888 0.057031 0.075000
1 0.713281 0.576389 0.096875 0.127778
1 0.831250 0.684723 0.190625 0.227778
1 0.950781 0.445139 0.089062 0.073611
1 0.099609 0.593056 0.147656 0.205556
1 0.257813 0.522917 0.065625 0.106944
1 0.321875 0.587500 0.118750 0.147222
1 0.942969 0.586806 0.112500 0.154167
1 0.967969 0.498611 0.062500 0.058333
