1 0.332423 0.522916 0.094531 0.126389
1 0.371093 0.387500 0.050000 0.044444
1 0.424999 0.608333 0.171875 0.222222
1 0.765626 0.368055 0.046875 0.044444
1 0.426172 0.427778 0.080469 0.075000
1 0.566015 0.424305 0.063281 0.054167
1 0.547266 0.500000 0.122656 0.133333
1 0.664454 0.392362 0.055469 0.054167
1 0.692969 0.420833 0.073437 0.080556
1 0.631640 0.472222 0.110156 0.119444
1 0.803516 0.378472 0.047656 0.056944
1 0.826953 0.463194 0.088281 0.120833
1 0.742187 0.622917 0.234375 0.240278
1 0.312110 0.408334 0.066406 0.069444
1 0.262109 0.431944 0.069531 0.069444
1 0.241016 0.471527 0.086719 0.084722
1 0.542187 0.383333 0.070313 0.075000
1 0.067969 0.454861 0.126563 0.120833
1 0.176563 0.400000 0.062500 0.063889
1 0.085156 0.693056 0.170312 0.222222
