1 0.109766 0.320833 0.061719 0.050000
1 0.137109 0.479167 0.177344 0.186111
1 0.260156 0.417361 0.103125 0.109722
1 0.280469 0.329861 0.079687 0.093056
1 0.388281 0.334722 0.040625 0.047222
1 0.366797 0.354167 0.060156 0.058333
1 0.345313 0.474306 0.118750 0.143056
1 0.458594 0.364583 0.062500 0.076389
1 0.493359 0.387500 0.103906 0.119444
1 0.493750 0.591667 0.200000 0.211111
1 0.578516 0.342361 0.057031 0.065278
1 0.767578 0.346528 0.055469 0.045833
1 0.713281 0.361111 0.065625 0.075000
1 0.660547 0.375694 0.071094 0.076389
1 0.645703 0.415278 0.091406 0.088889
1 0.735937 0.476389 0.101563 0.125000
1 0.849219 0.577778 0.203125 0.236111
1 0.956641 0.486806 0.086719 0.145833
1 0.962500 0.361111 0.075000 0.088889
1 0.833984 0.393750 0.096094 0.079167
