1 0.042578 0.415973 0.063281 0.062500
1 0.430469 0.340971 0.071875 0.070833
1 0.452345 0.392360 0.064062 0.062500
1 0.433594 0.472222 0.123438 0.133333
1 0.514453 0.427778 0.103906 0.113889
1 0.543359 0.343750 0.050781 0.051389
1 0.559766 0.311805 0.049219 0.054167
1 0.576563 0.368056 0.085938 0.080556
1 0.643750 0.311112 0.037500 0.041667
1 0.620313 0.552778 0.214062 0.219444
1 0.115234 0.483333 0.100781 0.097222
1 0.132031 0.427778 0.087500 0.075000
1 0.188672 0.401389 0.080469 0.069444
1 0.247656 0.372917 0.043750 0.045833
1 0.207813 0.519444 0.100000 0.130556
1 0.314453 0.593750 0.180469 0.223611
1 0.303516 0.363889 0.053906 0.052778
1 0.309766 0.409722 0.089844 0.072222
1 0.923437 0.348611 0.101563 0.066667
1 0.930078 0.413194 0.139844 0.129167
