1 0.031250 0.330555 0.062500 0.063889
1 0.141015 0.309028 0.053906 0.043056
1 0.153906 0.335417 0.062500 0.048611
1 0.189063 0.297222 0.048437 0.041667
1 0.234375 0.320834 0.056250 0.050000
1 0.266407 0.300000 0.042188 0.041667
1 0.315234 0.302778 0.046094 0.044444
1 0.434376 0.308334 0.051562 0.047222
1 0.382813 0.316667 0.048437 0.047222
1 0.323829 0.404862 0.094531 0.093056
1 0.274219 0.460417 0.135937 0.140278
1 0.103906 0.462500 0.154687 0.141667
1 0.032031 0.590973 0.062500 0.173611
1 0.511328 0.359723 0.053906 0.061111
1 0.531250 0.387500 0.076563 0.086111
1 0.573828 0.409028 0.086719 0.109722
1 0.467578 0.463889 0.144531 0.175000
1 0.660547 0.474306 0.116406 0.140278
1 0.667578 0.349305 0.057031 0.062500
1 0.691407 0.327083 0.045313 0.045833
1 0.773828 0.362500 0.067969 0.086111
1 0.812890 0.387500 0.116406 0.133333
1 0.858594 0.328472 0.056250 0.056944
1 0.910156 0.344444 0.064062 0.077778
1 0.979688 0.366666 0.040625 0.052778
1 0.969531 0.424306 0.060938 0.104167
1 0.826563 0.602778 0.229687 0.241667
1 0.142578 0.793750 0.283594 0.409722
