1 0.047656 0.397222 0.085938 0.080556
1 0.099219 0.427083 0.104687 0.104167
1 0.019141 0.515278 0.038281 0.150000
1 0.129297 0.333333 0.075781 0.105556
1 0.240625 0.342361 0.043750 0.048611
1 0.208203 0.331250 0.035156 0.037500
1 0.214062 0.363194 0.056250 0.062500
1 0.186328 0.494444 0.128906 0.141667
1 0.310156 0.381250 0.048437 0.079167
1 0.347656 0.404167 0.104687 0.127778
1 0.434375 0.365972 0.043750 0.059722
1 0.335156 0.615972 0.210938 0.209722
1 0.564062 0.384028 0.060938 0.068056
1 0.517578 0.397917 0.069531 0.079167
1 0.501172 0.436806 0.083594 0.084722
1 0.581641 0.496528 0.094531 0.126389
1 0.619531 0.368056 0.050000 0.044444
1 0.676172 0.369444 0.047656 0.036111
1 0.674609 0.413194 0.082031 0.076389
1 0.680469 0.595833 0.171875 0.222222
1 0.951563 0.658333 0.095312 0.241667
1 0.962891 0.370833 0.058594 0.058333
1 0.942187 0.400694 0.064062 0.056944
1 0.966406 0.436806 0.065625 0.095833
1 0.765234 0.365278 0.036719 0.044444
1 0.805078 0.379861 0.078906 0.079167
1 0.828125 0.431250 0.070313 0.065278
1 0.907031 0.486111 0.123438 0.127778
1 0.810938 0.506250 0.139062 0.143056
