1 0.034766 0.354167 0.067969 0.102778
1 0.026563 0.446528 0.053125 0.106944
1 0.092578 0.513194 0.139844 0.148611
1 0.147656 0.354167 0.045313 0.047222
1 0.123047 0.376389 0.066406 0.063889
1 0.264062 0.410417 0.110937 0.120833
1 0.255078 0.617361 0.214844 0.206944
1 0.359375 0.363194 0.056250 0.059722
1 0.482812 0.378472 0.059375 0.068056
1 0.434375 0.395139 0.070313 0.070833
1 0.420703 0.433333 0.091406 0.086111
1 0.500000 0.481944 0.103125 0.122222
1 0.596875 0.569444 0.192188 0.208333
1 0.535156 0.361111 0.053125 0.047222
1 0.592188 0.399306 0.081250 0.073611
1 0.712109 0.361806 0.082031 0.070833
1 0.738672 0.401389 0.072656 0.061111
1 0.812500 0.455556 0.120312 0.122222
1 0.720312 0.477778 0.142188 0.133333
1 0.863281 0.346528 0.054688 0.048611
1 0.843750 0.377778 0.060938 0.055556
1 0.884766 0.409722 0.083594 0.088889
1 0.961719 0.357639 0.050000 0.045833
1 0.907812 0.588194 0.184375 0.237500
