1 0.017188 0.323611 0.034375 0.050000
1 0.056250 0.330556 0.046875 0.055556
1 0.248437 0.340972 0.053125 0.095833
1 0.228125 0.432639 0.064062 0.106944
1 0.085938 0.500694 0.165625 0.198611
1 0.296875 0.499306 0.121875 0.140278
1 0.319922 0.367361 0.057031 0.065278
1 0.344141 0.345139 0.041406 0.048611
1 0.413281 0.379861 0.051562 0.079167
1 0.448828 0.406250 0.103906 0.123611
1 0.443750 0.617361 0.209375 0.220833
1 0.530469 0.364583 0.043750 0.051389
1 0.666016 0.382639 0.057031 0.065278
1 0.613281 0.395833 0.068750 0.077778
1 0.600000 0.435417 0.085938 0.090278
1 0.683594 0.492361 0.092188 0.126389
1 0.792969 0.600000 0.190625 0.227778
1 0.719531 0.365972 0.053125 0.048611
1 0.771875 0.361111 0.039063 0.044444
1 0.780859 0.409722 0.080469 0.077778
1 0.919922 0.372917 0.080469 0.073611
1 0.948828 0.425000 0.071094 0.063889
1 0.927734 0.509028 0.142969 0.145833
