1 0.080078 0.422917 0.063281 0.062500
1 0.225391 0.407639 0.064844 0.068056
1 0.167969 0.431250 0.076563 0.070833
1 0.154297 0.488195 0.094531 0.090278
1 0.243359 0.527778 0.107031 0.122222
1 0.344140 0.605556 0.175781 0.205556
1 0.280860 0.385416 0.038281 0.045833
1 0.336718 0.377777 0.048437 0.047222
1 0.342578 0.420834 0.077344 0.072222
1 0.460938 0.359027 0.071875 0.070833
1 0.485157 0.407638 0.064062 0.062500
1 0.463281 0.484722 0.123438 0.133333
1 0.544922 0.441667 0.103906 0.113889
1 0.576172 0.359028 0.050781 0.051389
1 0.597266 0.329861 0.049219 0.054167
1 0.609375 0.384723 0.085938 0.080556
1 0.679688 0.330556 0.037500 0.041667
1 0.969141 0.477778 0.061719 0.136111
1 0.644532 0.572222 0.214062 0.219444
1 0.040625 0.737500 0.078125 0.261111
