1 0.469533 0.313194 0.071875 0.070833
1 0.489064 0.353471 0.064062 0.062500
1 0.476564 0.433334 0.123438 0.133333
1 0.554296 0.394446 0.103906 0.113889
1 0.584765 0.310417 0.050781 0.051389
1 0.621094 0.336112 0.085938 0.080556
1 0.687501 0.281946 0.037500 0.041667
1 0.660939 0.512500 0.214062 0.219444
1 0.162891 0.431944 0.100781 0.097222
1 0.182030 0.384722 0.087500 0.075000
1 0.232422 0.359722 0.080469 0.069444
1 0.292187 0.332639 0.043750 0.045833
1 0.251564 0.469444 0.100000 0.130556
1 0.357422 0.549305 0.180469 0.223611
1 0.351954 0.368055 0.089844 0.072222
1 0.962500 0.314583 0.075000 0.059722
1 0.953516 0.389583 0.092969 0.131944
1 0.721094 0.283333 0.051562 0.047222
1 0.048828 0.662500 0.097656 0.250000
1 0.027734 0.415972 0.055469 0.151389
1 0.091406 0.364583 0.070313 0.076389
