1 0.208984 0.322917 0.033594 0.045833
1 0.106641 0.443750 0.102344 0.106944
1 0.067188 0.508333 0.131250 0.152778
1 0.259375 0.491667 0.140625 0.191667
1 0.337500 0.393056 0.070313 0.077778
1 0.389453 0.425000 0.083594 0.097222
1 0.453906 0.486806 0.093750 0.137500
1 0.482812 0.363194 0.053125 0.059722
1 0.504687 0.342361 0.037500 0.045833
1 0.572656 0.373611 0.050000 0.075000
1 0.610156 0.396528 0.106250 0.131944
1 0.698438 0.354861 0.050000 0.065278
1 0.617969 0.611806 0.206250 0.229167
1 0.880078 0.346528 0.038281 0.043056
1 0.903906 0.355556 0.053125 0.050000
1 0.966016 0.360417 0.064844 0.059722
1 0.963281 0.405556 0.071875 0.091667
1 0.844531 0.372917 0.071875 0.073611
1 0.787500 0.387500 0.076563 0.077778
1 0.772266 0.433333 0.094531 0.091667
1 0.868750 0.495139 0.110937 0.134722
1 0.942969 0.610417 0.112500 0.256944
1 0.056250 0.327778 0.046875 0.044444
1 0.021094 0.352083 0.042188 0.059722
1 0.108203 0.332639 0.047656 0.051389
1 0.190625 0.336806 0.050000 0.045833
1 0.242969 0.331250 0.048437 0.045833
