1 0.167579 0.312500 0.047656 0.052778
1 0.109766 0.320139 0.058594 0.059722
1 0.131641 0.341667 0.060156 0.055556
1 0.210938 0.331250 0.057813 0.062500
1 0.410547 0.334722 0.041406 0.047222
1 0.293750 0.426389 0.089062 0.097222
1 0.249609 0.486111 0.146094 0.147222
1 0.441016 0.502777 0.144531 0.188889
1 0.634766 0.512500 0.114844 0.163889
1 0.644532 0.382639 0.057813 0.065278
1 0.667969 0.357639 0.040625 0.056944
1 0.746875 0.397916 0.054688 0.073611
1 0.786718 0.435417 0.104687 0.129167
1 0.791015 0.660417 0.214844 0.240278
1 0.072656 0.471528 0.145313 0.151389
1 0.123047 0.799306 0.244531 0.401389
1 0.966406 0.425000 0.065625 0.069444
1 0.957031 0.488889 0.084375 0.111111
1 0.880469 0.395833 0.062500 0.063889
1 0.560938 0.436111 0.079687 0.108333
