1 0.232813 0.343750 0.057813 0.062500
1 0.430078 0.337500 0.041406 0.047222
1 0.311719 0.429167 0.089062 0.097222
1 0.268359 0.488889 0.146094 0.147222
1 0.459766 0.502777 0.144531 0.188889
1 0.648829 0.511111 0.114844 0.163889
1 0.092969 0.477084 0.145313 0.151389
1 0.903125 0.391666 0.062500 0.063889
1 0.136719 0.806250 0.270312 0.387500
1 0.024609 0.340278 0.047656 0.066667
1 0.152344 0.350694 0.057813 0.056944
1 0.132031 0.325694 0.051562 0.048611
1 0.066406 0.313889 0.054688 0.052778
1 0.815234 0.658333 0.230469 0.252778
1 0.980078 0.416667 0.038281 0.066667
1 0.967578 0.477083 0.063281 0.106944
1 0.689453 0.357639 0.039844 0.054167
1 0.667188 0.378472 0.057813 0.065278
1 0.764063 0.398611 0.051562 0.083333
1 0.805859 0.426389 0.113281 0.133333
1 0.524219 0.406944 0.062500 0.086111
1 0.568359 0.429861 0.088281 0.101389
