1 0.081250 0.515278 0.146875 0.200000
1 0.247656 0.438194 0.051562 0.098611
1 0.305859 0.506944 0.113281 0.141667
1 0.329297 0.369444 0.053906 0.058333
1 0.353906 0.345833 0.037500 0.055556
1 0.455859 0.410417 0.099219 0.115278
1 0.458984 0.628472 0.199219 0.215278
1 0.540234 0.370139 0.044531 0.056944
1 0.621875 0.399306 0.070313 0.068056
1 0.611328 0.437500 0.085156 0.083333
1 0.678125 0.380556 0.054688 0.061111
1 0.730078 0.360417 0.053906 0.043056
1 0.776953 0.406944 0.057031 0.075000
1 0.697656 0.497222 0.096875 0.127778
1 0.811719 0.605556 0.190625 0.227778
1 0.933984 0.510417 0.130469 0.154167
1 0.965234 0.422222 0.067969 0.063889
1 0.931250 0.370139 0.089062 0.073611
