1 0.311329 0.404862 0.094531 0.093056
1 0.265625 0.461806 0.135937 0.140278
1 0.092187 0.458333 0.154687 0.141667
1 0.032031 0.590973 0.062500 0.173611
1 0.460547 0.463889 0.144531 0.175000
1 0.649610 0.477084 0.116406 0.140278
1 0.662890 0.349305 0.057031 0.062500
1 0.685938 0.331250 0.045313 0.045833
1 0.769141 0.370833 0.067969 0.086111
1 0.802734 0.398611 0.116406 0.133333
1 0.851563 0.339583 0.056250 0.056944
1 0.901562 0.355555 0.064062 0.077778
1 0.819532 0.619445 0.229687 0.241667
1 0.142578 0.793750 0.283594 0.409722
1 0.024609 0.321528 0.049219 0.065278
1 0.130859 0.302778 0.052344 0.050000
1 0.150000 0.326389 0.060938 0.050000
1 0.185937 0.295833 0.050000 0.044444
1 0.227344 0.315278 0.053125 0.055556
1 0.260938 0.297917 0.045313 0.048611
1 0.308594 0.304861 0.050000 0.045833
1 0.380859 0.311111 0.047656 0.050000
1 0.430078 0.310417 0.047656 0.045833
1 0.507813 0.359028 0.056250 0.076389
1 0.521484 0.380556 0.066406 0.083333
1 0.568359 0.408333 0.091406 0.097222
1 0.977734 0.386806 0.044531 0.054167
1 0.966016 0.445139 0.067969 0.104167
