1 0.139062 0.414584 0.048437 0.079167
1 0.430861 0.509028 0.094531 0.126389
1 0.469530 0.376388 0.050000 0.044444
1 0.527343 0.587500 0.171875 0.222222
1 0.879688 0.362500 0.046875 0.044444
1 0.066406 0.385417 0.048437 0.048611
1 0.182421 0.443056 0.113281 0.125000
1 0.191017 0.372223 0.052344 0.050000
1 0.170312 0.669444 0.226563 0.208333
1 0.283594 0.389584 0.057813 0.054167
1 0.515624 0.374306 0.056250 0.048611
1 0.519922 0.415277 0.080469 0.075000
1 0.664452 0.414583 0.063281 0.054167
1 0.646485 0.498611 0.122656 0.133333
1 0.696093 0.368056 0.042188 0.047222
1 0.766797 0.382640 0.055469 0.054167
1 0.794531 0.408333 0.073437 0.080556
1 0.733203 0.465278 0.110156 0.119444
1 0.916016 0.360417 0.047656 0.056944
1 0.937109 0.456250 0.088281 0.120833
1 0.842969 0.614583 0.234375 0.240278
1 0.411328 0.397222 0.066406 0.069444
1 0.366015 0.412500 0.069531 0.069444
1 0.349609 0.459028 0.086719 0.084722
1 0.034375 0.550000 0.012500 0.008333
1 0.039063 0.559028 0.078125 0.159722
1 0.039063 0.411111 0.065625 0.069444
1 0.641406 0.376389 0.070313 0.075000
