1 0.031250 0.344444 0.062500 0.063889
1 0.143359 0.320139 0.053906 0.043056
1 0.161719 0.343750 0.062500 0.048611
1 0.191407 0.312500 0.048437 0.041667
1 0.235156 0.331945 0.056250 0.050000
1 0.267969 0.313889 0.042188 0.041667
1 0.315234 0.313889 0.046094 0.044444
1 0.438282 0.315278 0.051562 0.047222
1 0.385938 0.323611 0.048437 0.047222
1 0.321485 0.415973 0.094531 0.093056
1 0.278125 0.472917 0.135937 0.140278
1 0.103906 0.477778 0.154687 0.141667
1 0.032031 0.611806 0.062500 0.173611
1 0.511328 0.359723 0.053906 0.061111
1 0.531250 0.387500 0.076563 0.086111
1 0.573828 0.409028 0.086719 0.109722
1 0.467578 0.463889 0.144531 0.175000
1 0.660547 0.474306 0.116406 0.140278
1 0.667578 0.349305 0.057031 0.062500
1 0.691407 0.327083 0.045313 0.045833
1 0.773828 0.362500 0.067969 0.086111
1 0.812890 0.387500 0.116406 0.133333
1 0.858594 0.328472 0.056250 0.056944
1 0.910156 0.344444 0.064062 0.077778
1 0.979688 0.366666 0.040625 0.052778
1 0.969531 0.424306 0.060938 0.104167
1 0.826563 0.602778 0.229687 0.241667
1 0.142578 0.793750 0.283594 0.409722
