1 0.149219 0.361805 0.043750 0.048611
1 0.217969 0.393750 0.048437 0.079167
1 0.262500 0.418056 0.104687 0.127778
1 0.351563 0.371528 0.043750 0.059722
1 0.247656 0.636805 0.210938 0.209722
1 0.483593 0.382639 0.060938 0.068056
1 0.432422 0.396528 0.069531 0.079167
1 0.419141 0.440973 0.083594 0.084722
1 0.498829 0.493750 0.094531 0.126389
1 0.535156 0.363889 0.050000 0.044444
1 0.586328 0.359722 0.047656 0.036111
1 0.591797 0.409027 0.082031 0.076389
1 0.596875 0.587500 0.171875 0.222222
1 0.862891 0.341666 0.058594 0.058333
1 0.675390 0.351389 0.036719 0.044444
1 0.712891 0.364583 0.078906 0.079167
1 0.740625 0.407639 0.070313 0.065278
1 0.806250 0.466666 0.123438 0.127778
1 0.719532 0.477083 0.139062 0.143056
1 0.085156 0.527778 0.137500 0.144444
1 0.026563 0.468056 0.053125 0.122222
1 0.037500 0.369444 0.075000 0.111111
1 0.120703 0.388889 0.061719 0.066667
1 0.812891 0.337500 0.044531 0.047222
1 0.844531 0.372222 0.062500 0.055556
1 0.875391 0.404167 0.077344 0.086111
1 0.964063 0.354167 0.046875 0.044444
1 0.903125 0.611806 0.192188 0.245833
