1 0.053125 0.473611 0.106250 0.100000
1 0.039844 0.537500 0.076563 0.155556
1 0.052734 0.358333 0.058594 0.055556
1 0.199219 0.363889 0.054688 0.047222
1 0.216797 0.527083 0.142969 0.187500
1 0.300391 0.418056 0.067969 0.047222
1 0.346875 0.464583 0.084375 0.090278
1 0.421094 0.529167 0.114063 0.136111
1 0.441016 0.404861 0.053906 0.068056
1 0.462109 0.385417 0.038281 0.048611
1 0.535156 0.415278 0.059375 0.077778
1 0.567578 0.449306 0.103906 0.120833
1 0.573047 0.663194 0.208594 0.226389
1 0.652344 0.406944 0.053125 0.063889
1 0.830078 0.403472 0.042969 0.045833
1 0.851953 0.413889 0.052344 0.052778
1 0.908203 0.465278 0.063281 0.088889
1 0.796484 0.431250 0.064844 0.081944
1 0.740625 0.439583 0.076563 0.079167
1 0.725000 0.483333 0.089062 0.100000
1 0.819141 0.547917 0.107031 0.134722
1 0.920313 0.666667 0.157813 0.255556
