1 0.142969 0.395139 0.048437 0.079167
1 0.429298 0.486806 0.094531 0.126389
1 0.469531 0.358333 0.050000 0.044444
1 0.523438 0.573611 0.171875 0.222222
1 0.036327 0.395834 0.061719 0.066667
1 0.882813 0.338889 0.046875 0.044444
1 0.037500 0.542361 0.075000 0.156944
1 0.067969 0.365972 0.048437 0.048611
1 0.185547 0.423611 0.113281 0.125000
1 0.191797 0.355556 0.052344 0.050000
1 0.169531 0.645833 0.226563 0.208333
1 0.286719 0.370139 0.057813 0.054167
1 0.350000 0.440278 0.093750 0.094444
1 0.365625 0.395139 0.070313 0.073611
1 0.416016 0.377083 0.063281 0.068056
1 0.522656 0.356250 0.056250 0.048611
1 0.524609 0.398611 0.080469 0.075000
1 0.640625 0.351389 0.057813 0.066667
1 0.668359 0.392361 0.063281 0.054167
1 0.646484 0.472222 0.122656 0.133333
1 0.696875 0.347222 0.042188 0.047222
1 0.740234 0.325694 0.041406 0.048611
1 0.766797 0.359028 0.055469 0.054167
1 0.795313 0.390278 0.073437 0.080556
1 0.736328 0.441667 0.110156 0.119444
1 0.919141 0.340972 0.047656 0.056944
1 0.937891 0.429861 0.088281 0.120833
1 0.846094 0.589583 0.234375 0.240278
