1 0.189063 0.349306 0.057813 0.062500
1 0.398047 0.336111 0.041406 0.047222
1 0.278907 0.434723 0.089062 0.097222
1 0.231640 0.494445 0.146094 0.147222
1 0.426172 0.499999 0.144531 0.188889
1 0.612892 0.498611 0.114844 0.163889
1 0.862500 0.380555 0.062500 0.063889
1 0.092969 0.329861 0.051562 0.048611
1 0.780078 0.636111 0.230469 0.252778
1 0.654297 0.357639 0.039844 0.054167
1 0.630469 0.378472 0.057813 0.065278
1 0.764063 0.398611 0.051562 0.083333
1 0.768359 0.420833 0.113281 0.133333
1 0.124219 0.809028 0.248437 0.381944
1 0.064062 0.495833 0.128125 0.147222
1 0.114063 0.360417 0.065625 0.051389
1 0.545703 0.427778 0.069531 0.105556
1 0.958984 0.419444 0.080469 0.086111
1 0.946484 0.464583 0.105469 0.109722
