1 0.045313 0.495139 0.090625 0.201389
1 0.148438 0.423611 0.096875 0.108333
1 0.230469 0.494444 0.121875 0.138889
1 0.177344 0.333333 0.070313 0.102778
1 0.260156 0.363889 0.057813 0.063889
1 0.283594 0.341667 0.039063 0.052778
1 0.353906 0.377778 0.046875 0.072222
1 0.387891 0.404167 0.103906 0.125000
1 0.379297 0.614583 0.207031 0.220833
1 0.396875 0.340972 0.040625 0.048611
1 0.475000 0.366667 0.042188 0.055556
1 0.660156 0.365972 0.046875 0.051389
1 0.608203 0.380556 0.057031 0.077778
1 0.557031 0.398611 0.068750 0.080556
1 0.541797 0.434722 0.082031 0.088889
1 0.623047 0.493056 0.096094 0.125000
1 0.710938 0.363889 0.035937 0.044444
1 0.717578 0.413889 0.080469 0.077778
1 0.850391 0.377083 0.085156 0.079167
1 0.978516 0.401389 0.041406 0.063889
1 0.875000 0.430556 0.062500 0.058333
1 0.953906 0.486806 0.090625 0.134722
1 0.857813 0.506944 0.140625 0.141667
1 0.726172 0.597222 0.182031 0.222222
