1 0.173437 0.784314 0.215625 0.161765
1 0.352343 0.808660 0.215625 0.154412
1 0.182812 0.643382 0.156250 0.144608
1 0.396875 0.542892 0.168750 0.134804
1 0.701562 0.584559 0.159375 0.164216
1 0.908594 0.626225 0.182812 0.134804
1 0.913281 0.530637 0.173437 0.134804
1 0.613281 0.515931 0.160938 0.134804
1 0.788281 0.424020 0.142187 0.112745
1 0.946875 0.346814 0.106250 0.115196
1 0.507031 0.329657 0.148438 0.125000
1 0.707031 0.250000 0.129688 0.107843
1 0.882031 0.311275 0.110937 0.102941
1 0.798438 0.236520 0.103125 0.120098
0 0.535547 0.734028 0.072656 0.248611
0 0.634375 0.744444 0.045313 0.233333
0 0.448828 0.666667 0.042969 0.105556
0 0.408984 0.665972 0.042969 0.104167
0 0.337891 0.688194 0.053906 0.098611
0 0.414844 0.847917 0.059375 0.126389
0 0.349609 0.852083 0.049219 0.115278
0 0.820703 0.931944 0.060156 0.130556
0 0.771484 0.945833 0.047656 0.108333
0 0.770312 0.825000 0.054688 0.127778
0 0.852734 0.832639 0.049219 0.104167
0 0.622266 0.366667 0.033594 0.063889
1 0.675391 0.480556 0.153906 0.125000
1 0.639844 0.427778 0.098438 0.077778
0 0.268750 0.545833 0.046875 0.125000
0 0.343750 0.462500 0.039063 0.083333
0 0.368359 0.396528 0.049219 0.084722
0 0.307813 0.314583 0.037500 0.079167
1 0.216016 0.239583 0.141406 0.115278
1 0.682031 0.314583 0.143750 0.109722
1 0.943750 0.277083 0.098438 0.120833
0 0.145703 0.547222 0.072656 0.155556
0 0.239063 0.323611 0.043750 0.086111
0 0.373437 0.288194 0.032812 0.081944
0 0.472656 0.429861 0.039063 0.079167
