1 0.097500 0.444890 0.122500 0.152305
1 0.225000 0.545090 0.255000 0.228457
1 0.669375 0.459920 0.131250 0.098196
1 0.793750 0.419840 0.132500 0.186373
1 0.949375 0.443888 0.101250 0.106212
1 0.643750 0.690381 0.352500 0.346693
1 0.308125 0.762525 0.566250 0.450902
1 0.594141 0.459722 0.086719 0.086111
1 0.565625 0.394444 0.101563 0.077778
0 0.504297 0.461111 0.039844 0.077778
0 0.541406 0.459722 0.039063 0.077778
0 0.249219 0.389583 0.060938 0.098611
0 0.400781 0.476389 0.045313 0.091667
0 0.441406 0.473611 0.032812 0.088889
0 0.462891 0.473611 0.033594 0.097222
