1 0.124390 0.631148 0.243902 0.259953
1 0.365244 0.665105 0.271951 0.332553
1 0.562805 0.690867 0.318293 0.341920
1 0.839634 0.756440 0.320732 0.402810
1 0.771951 0.507026 0.173171 0.180328
1 0.570703 0.468750 0.163281 0.187500
1 0.939062 0.499306 0.121875 0.159722
1 0.914063 0.570139 0.171875 0.120833
0 0.323828 0.466667 0.053906 0.211111
0 0.419141 0.464583 0.053906 0.129167
0 0.195313 0.442361 0.031250 0.126389
0 0.220313 0.420833 0.032812 0.102778
0 0.239063 0.566667 0.050000 0.144444
1 0.650000 0.483333 0.104687 0.158333
