0 0.514062 0.241071 0.065625 0.058673
0 0.258594 0.313776 0.076563 0.076531
0 0.150000 0.883929 0.143750 0.232143
0 0.223438 0.769133 0.178125 0.181122
0 0.238281 0.607143 0.114062 0.168367
0 0.324219 0.670918 0.148438 0.137755
0 0.350000 0.538265 0.103125 0.132653
0 0.437500 0.598214 0.112500 0.155612
0 0.439063 0.753827 0.168750 0.145408
0 0.597656 0.633929 0.107813 0.150510
0 0.464844 0.483418 0.117188 0.104592
0 0.462500 0.420918 0.090625 0.045918
0 0.598437 0.488520 0.084375 0.109694
0 0.615625 0.422194 0.090625 0.099490
0 0.575781 0.373724 0.076563 0.089286
0 0.346094 0.334184 0.079687 0.066327
0 0.417969 0.343112 0.095312 0.084184
0 0.720313 0.380102 0.087500 0.112245
0 0.642188 0.265306 0.087500 0.086735
