1 0.465234 0.785417 0.117969 0.204167
1 0.219531 0.886111 0.157812 0.227778
1 0.303906 0.222917 0.060937 0.095833
1 0.639453 0.320139 0.074219 0.118056
1 0.553906 0.677083 0.096875 0.162500
1 0.775391 0.762500 0.107031 0.219444
1 0.215625 0.200000 0.059375 0.094444
1 0.555469 0.294444 0.062500 0.094444
1 0.724609 0.862500 0.097656 0.163889
1 0.502734 0.201389 0.063281 0.091667
1 0.536328 0.145139 0.053906 0.081944
1 0.332812 0.147222 0.053125 0.075000
1 0.351172 0.095139 0.044531 0.079167
1 0.460547 0.103472 0.046094 0.076389
1 0.794922 0.642361 0.082031 0.173611
1 0.446094 0.362500 0.092188 0.111111
1 0.557813 0.227083 0.051562 0.084722
