1 0.400000 0.280967 0.112000 0.090634
1 0.459000 0.234139 0.098000 0.099698
1 0.593000 0.332326 0.114000 0.132931
1 0.771000 0.306647 0.094000 0.111782
1 0.880000 0.265861 0.144000 0.138973
1 0.274000 0.752266 0.220000 0.277946
1 0.867000 0.759819 0.266000 0.274924
1 0.856000 0.619335 0.192000 0.187311
1 0.108000 0.504532 0.132000 0.126888
1 0.923000 0.534743 0.154000 0.199396
1 0.465625 0.924306 0.220313 0.151389
1 0.771484 0.905556 0.272656 0.188889
1 0.611328 0.610417 0.111719 0.212500
1 0.617188 0.114583 0.078125 0.076389
1 0.760547 0.098611 0.091406 0.080556
1 0.902734 0.200000 0.085156 0.122222
