1 0.555133 0.437500 0.136882 0.114583
1 0.427757 0.346354 0.133080 0.088542
1 0.385932 0.562500 0.125475 0.125000
1 0.454373 0.687500 0.155894 0.156250
1 0.572243 0.596354 0.140684 0.151042
1 0.813688 0.768229 0.144487 0.171875
1 0.695817 0.304688 0.098859 0.098958
1 0.117871 0.770833 0.205323 0.197917
1 0.062738 0.523438 0.110266 0.109375
1 0.231939 0.236979 0.076046 0.078125
1 0.870722 0.666667 0.136882 0.177083
1 0.577734 0.289583 0.069531 0.093056
1 0.273047 0.178472 0.061719 0.056944
1 0.111328 0.222917 0.063281 0.076389
1 0.504297 0.218750 0.063281 0.079167
1 0.553516 0.176389 0.058594 0.075000
1 0.448828 0.143056 0.053906 0.061111
1 0.907422 0.567361 0.107031 0.137500
