1 0.190625 0.457639 0.132812 0.206944
1 0.312109 0.254861 0.172656 0.212500
1 0.765234 0.404861 0.149219 0.226389
1 0.745703 0.172222 0.132031 0.150000
1 0.616797 0.823611 0.177344 0.225000
1 0.927344 0.581250 0.145313 0.320833
1 0.898828 0.934028 0.122656 0.131944
1 0.053516 0.750000 0.103906 0.225000
1 0.043750 0.584722 0.082813 0.213889
0 0.193750 0.626389 0.062500 0.161111
0 0.116797 0.634722 0.027344 0.111111
0 0.647266 0.184722 0.035156 0.169444
0 0.581641 0.411111 0.042969 0.172222
0 0.939062 0.183333 0.045313 0.108333
0 0.973047 0.200000 0.033594 0.097222
0 0.854688 0.237500 0.048437 0.191667
