1 0.161667 0.816667 0.210000 0.172222
1 0.337500 0.847222 0.218333 0.161111
1 0.562500 0.813889 0.145000 0.172222
1 0.199167 0.669444 0.158333 0.150000
1 0.718333 0.609722 0.163333 0.175000
1 0.912500 0.651389 0.175000 0.141667
1 0.405833 0.563889 0.165000 0.138889
1 0.645000 0.536111 0.156667 0.138889
1 0.838333 0.441667 0.150000 0.127778
1 0.929167 0.552778 0.141667 0.150000
1 0.580000 0.341667 0.153333 0.127778
1 0.765833 0.331944 0.145000 0.102778
1 0.946667 0.318056 0.106667 0.108333
1 0.607500 0.248611 0.105000 0.108333
1 0.791667 0.258333 0.136667 0.105556
1 0.310000 0.247222 0.150000 0.111111
1 0.038281 0.446528 0.073437 0.181944
0 0.432813 0.765972 0.065625 0.220833
0 0.380469 0.884028 0.062500 0.126389
0 0.318750 0.894444 0.056250 0.119444
0 0.744531 0.861111 0.053125 0.122222
0 0.347656 0.715972 0.053125 0.106944
0 0.083203 0.640972 0.042969 0.098611
0 0.123828 0.626389 0.041406 0.111111
0 0.221484 0.548611 0.042969 0.088889
0 0.294531 0.549306 0.042188 0.093056
0 0.511328 0.527083 0.047656 0.112500
0 0.551562 0.454167 0.039063 0.088889
0 0.529297 0.441667 0.033594 0.063889
0 0.399219 0.404861 0.035937 0.106944
0 0.428125 0.467361 0.034375 0.076389
0 0.692969 0.376389 0.031250 0.072222
0 0.462109 0.301389 0.032031 0.075000
0 0.319922 0.341667 0.042969 0.086111
0 0.197266 0.368056 0.041406 0.086111
0 0.046094 0.584722 0.045313 0.155556
