1 0.417578 0.288889 0.089844 0.083333
1 0.449609 0.309722 0.094531 0.091667
1 0.346875 0.302778 0.079687 0.102778
1 0.267969 0.325694 0.156250 0.131944
1 0.312891 0.395833 0.169531 0.202778
1 0.476953 0.357639 0.127344 0.126389
1 0.522656 0.394444 0.178125 0.166667
1 0.548047 0.447917 0.202344 0.187500
1 0.176172 0.634722 0.330469 0.563889
0 0.309375 0.726389 0.120312 0.333333
0 0.394922 0.684722 0.086719 0.325000
0 0.574219 0.835417 0.156250 0.329167
0 0.536328 0.611806 0.082031 0.226389
0 0.635547 0.579167 0.099219 0.177778
0 0.873828 0.508333 0.066406 0.113889
0 0.940625 0.465278 0.045313 0.094444
