0 0.580357 0.541667 0.074405 0.174603
1 0.039062 0.519180 0.077629 0.158730
1 0.063988 0.345899 0.117063 0.074074
1 0.101190 0.308201 0.078373 0.054233
1 0.217262 0.339947 0.100198 0.080688
1 0.329861 0.341931 0.073413 0.063492
1 0.408730 0.394841 0.112103 0.095238
1 0.567460 0.394841 0.090278 0.092593
1 0.526290 0.346561 0.045635 0.048942
1 0.734623 0.425926 0.121032 0.096561
1 0.265873 0.293651 0.044643 0.035714
1 0.245536 0.286376 0.027778 0.023810
1 0.636905 0.356481 0.070437 0.058201
1 0.684028 0.349868 0.053571 0.052910
1 0.731647 0.325397 0.053571 0.046296
1 0.805556 0.360450 0.074405 0.063492
1 0.948165 0.417328 0.103671 0.082011
1 0.954613 0.394841 0.090774 0.076720
1 0.294147 0.278439 0.041667 0.034392
1 0.346726 0.273148 0.041667 0.029101
1 0.413690 0.302249 0.062500 0.050265
1 0.576885 0.308201 0.049603 0.041005
1 0.496032 0.301587 0.040675 0.038360
1 0.640873 0.304894 0.048611 0.039683
0 0.126563 0.618750 0.093750 0.140278
