1 0.107813 0.315972 0.068750 0.059722
1 0.066406 0.423611 0.129688 0.127778
1 0.189063 0.320139 0.067188 0.079167
1 0.207422 0.352778 0.083594 0.072222
1 0.253125 0.398611 0.117188 0.111111
1 0.287891 0.287500 0.050781 0.058333
1 0.320313 0.310417 0.070313 0.059722
1 0.385938 0.297917 0.053125 0.051389
1 0.444922 0.304861 0.057031 0.056944
1 0.486328 0.328472 0.082031 0.068056
1 0.451562 0.429861 0.164063 0.181944
1 0.557031 0.316667 0.062500 0.063889
1 0.610937 0.309028 0.054688 0.056944
1 0.649609 0.327083 0.060156 0.056944
1 0.670703 0.370139 0.083594 0.087500
1 0.714453 0.301389 0.052344 0.055556
1 0.758203 0.347917 0.103906 0.090278
1 0.918359 0.317361 0.071094 0.043056
1 0.961719 0.344444 0.057813 0.063889
1 0.911719 0.360417 0.096875 0.081944
1 0.767969 0.438194 0.164063 0.159722
0 0.129297 0.600000 0.089844 0.275000
0 0.730859 0.561111 0.055469 0.108333
0 0.789063 0.575694 0.068750 0.112500
0 0.228125 0.486111 0.059375 0.127778
0 0.205078 0.618056 0.105469 0.144444
0 0.701953 0.581250 0.074219 0.137500
0 0.542969 0.392361 0.025000 0.048611
0 0.450781 0.450694 0.035937 0.079167
