1 0.421007 0.511905 0.114831 0.130952
1 0.553323 0.499835 0.108135 0.077712
1 0.484003 0.432540 0.074653 0.072751
1 0.360987 0.383929 0.040923 0.034392
1 0.386409 0.366237 0.025794 0.019511
1 0.532118 0.411376 0.051339 0.046296
1 0.642237 0.390708 0.051339 0.041997
1 0.709077 0.415179 0.092262 0.072421
1 0.732515 0.387401 0.055804 0.040675
1 0.823909 0.411376 0.059524 0.043651
1 0.963046 0.378142 0.073909 0.093585
1 0.843626 0.333995 0.028026 0.021164
1 0.873388 0.342593 0.043899 0.030423
1 0.446057 0.373181 0.027034 0.020172
1 0.445312 0.358300 0.021577 0.022156
1 0.592138 0.371528 0.034474 0.024802
1 0.426835 0.350364 0.021825 0.022817
1 0.672991 0.357143 0.039931 0.027778
1 0.623388 0.345569 0.024058 0.018519
1 0.633433 0.334491 0.017857 0.017526
1 0.729663 0.352183 0.039683 0.026455
1 0.746032 0.359127 0.032738 0.026455
1 0.683036 0.334491 0.035714 0.028108
1 0.334945 0.366402 0.027530 0.024471
1 0.359003 0.354993 0.022073 0.023479
1 0.380580 0.356316 0.022073 0.016204
1 0.431548 0.356481 0.018353 0.020503
1 0.448041 0.349537 0.021577 0.013889
