1 0.055859 0.491667 0.075781 0.061111
1 0.102344 0.476389 0.064062 0.050000
1 0.157422 0.462500 0.052344 0.038889
1 0.358984 0.443056 0.042969 0.047222
1 0.419141 0.463889 0.055469 0.044444
1 0.384375 0.488194 0.068750 0.051389
1 0.417969 0.543750 0.123438 0.109722
1 0.458984 0.433333 0.036719 0.030556
1 0.484375 0.429167 0.031250 0.025000
1 0.512891 0.454167 0.050781 0.038889
1 0.547266 0.420139 0.033594 0.034722
1 0.703906 0.433333 0.056250 0.044444
1 0.710938 0.468056 0.057813 0.052778
1 0.641016 0.482639 0.082031 0.062500
1 0.735937 0.528472 0.107813 0.098611
1 0.924219 0.472917 0.093750 0.106944
1 0.812109 0.429167 0.105469 0.077778
1 0.885938 0.543750 0.198437 0.151389
