1 0.116071 0.505952 0.090278 0.055556
1 0.068948 0.497354 0.045635 0.030423
1 0.041667 0.484788 0.036706 0.029101
1 0.121032 0.474206 0.042659 0.039683
1 0.233631 0.488095 0.045635 0.033069
1 0.207341 0.471561 0.032738 0.029101
1 0.280258 0.462302 0.031746 0.026455
1 0.250992 0.461640 0.032738 0.027778
1 0.321429 0.475529 0.028770 0.026455
1 0.416171 0.537037 0.087302 0.062169
1 0.401786 0.482143 0.042659 0.034392
1 0.485119 0.497354 0.054563 0.048942
1 0.568948 0.531085 0.077381 0.074074
1 0.617560 0.521164 0.049603 0.048942
1 0.535218 0.477513 0.033730 0.027778
1 0.396329 0.463624 0.021825 0.018519
1 0.445933 0.455026 0.031746 0.025132
1 0.469742 0.469577 0.031746 0.025132
1 0.616567 0.482143 0.055556 0.039683
1 0.700893 0.459656 0.039683 0.042328
1 0.539683 0.457011 0.022817 0.018519
1 0.521825 0.455026 0.026786 0.022487
1 0.557540 0.458333 0.026786 0.021164
