1 0.780010 0.796627 0.439980 0.406746
1 0.119916 0.769841 0.239335 0.310847
1 0.075397 0.437169 0.135913 0.103175
1 0.270833 0.488095 0.133929 0.112434
1 0.172619 0.406085 0.074405 0.046296
1 0.476190 0.464286 0.072421 0.080688
1 0.679563 0.435185 0.131944 0.104497
1 0.438492 0.419312 0.060516 0.059524
1 0.271329 0.386905 0.049603 0.052910
1 0.306052 0.414683 0.095238 0.063492
1 0.306548 0.455026 0.094246 0.088624
1 0.012277 0.406746 0.024058 0.037037
1 0.461806 0.384921 0.051587 0.051587
1 0.367063 0.381614 0.054563 0.034392
1 0.425595 0.370370 0.042659 0.027778
1 0.161706 0.386243 0.040675 0.030423
1 0.443452 0.359127 0.034722 0.029101
1 0.516369 0.361772 0.037698 0.026455
1 0.551587 0.373677 0.042659 0.034392
1 0.615575 0.384259 0.075397 0.050265
1 0.639385 0.355159 0.045635 0.037037
1 0.711310 0.401455 0.080357 0.058201
