1 0.117578 0.790278 0.235156 0.419444
1 0.087109 0.282639 0.127344 0.101389
1 0.096875 0.374306 0.187500 0.159722
1 0.102734 0.241667 0.088281 0.080556
1 0.121875 0.194444 0.048437 0.050000
1 0.224609 0.218056 0.075781 0.066667
1 0.226953 0.281250 0.100781 0.087500
1 0.442578 0.225694 0.071094 0.068056
1 0.365234 0.270833 0.102344 0.102778
1 0.364453 0.376389 0.163281 0.161111
1 0.460938 0.275000 0.090625 0.083333
1 0.519141 0.227778 0.060156 0.052778
1 0.632422 0.239583 0.063281 0.045833
1 0.663672 0.275000 0.058594 0.061111
1 0.653516 0.316667 0.117969 0.083333
1 0.585938 0.395139 0.162500 0.156944
1 0.690234 0.231250 0.055469 0.059722
1 0.819922 0.278472 0.069531 0.065278
1 0.790234 0.311806 0.105469 0.087500
1 0.942969 0.288889 0.071875 0.058333
1 0.946484 0.333333 0.107031 0.097222
0 0.406641 0.420139 0.060156 0.240278
0 0.362891 0.415278 0.055469 0.136111
0 0.734375 0.413194 0.042188 0.087500
0 0.766406 0.435417 0.046875 0.087500
