1 0.106222 0.642283 0.139556 0.149518
1 0.022222 0.511254 0.042667 0.090032
1 0.037333 0.487138 0.039111 0.064309
1 0.118222 0.468650 0.040889 0.049839
1 0.172889 0.489550 0.050667 0.059486
1 0.198667 0.479904 0.047111 0.049839
1 0.281778 0.464630 0.028444 0.041801
1 0.293778 0.484727 0.034667 0.040193
1 0.340889 0.512058 0.061333 0.081994
1 0.344889 0.677653 0.135111 0.226688
1 0.373778 0.551447 0.091556 0.112540
1 0.504889 0.636656 0.110222 0.138264
1 0.534667 0.510450 0.056000 0.062701
1 0.246667 0.456592 0.022222 0.035370
1 0.341333 0.452572 0.033778 0.030547
1 0.323556 0.468650 0.030222 0.033762
1 0.615556 0.535370 0.079111 0.102894
1 0.606667 0.485531 0.041778 0.051447
1 0.579556 0.463023 0.033778 0.048232
1 0.547111 0.479100 0.036444 0.035370
1 0.809778 0.494373 0.081778 0.088424
1 0.745778 0.471061 0.032000 0.035370
1 0.676889 0.467042 0.025778 0.027331
1 0.635111 0.460611 0.031111 0.027331
1 0.724889 0.461415 0.027556 0.028939
1 0.885333 0.466238 0.030222 0.038585
