1 0.818204 0.811177 0.363591 0.377646
1 0.283730 0.666667 0.183532 0.226190
1 0.090154 0.580026 0.179812 0.243386
1 0.163690 0.455026 0.086310 0.070106
1 0.126488 0.418651 0.073413 0.052910
1 0.102679 0.405423 0.047619 0.042328
1 0.263393 0.415344 0.087302 0.064815
1 0.405754 0.473545 0.108135 0.109788
1 0.437996 0.447090 0.077381 0.085979
1 0.437004 0.416005 0.065476 0.058201
1 0.336806 0.396164 0.057540 0.044974
1 0.589286 0.471561 0.072421 0.079365
1 0.560020 0.427249 0.065476 0.062169
1 0.489583 0.388889 0.043651 0.035714
1 0.580853 0.392196 0.051587 0.047619
1 0.828869 0.479497 0.162698 0.137566
1 0.874504 0.431878 0.107143 0.076720
1 0.760913 0.410714 0.082341 0.058201
1 0.685516 0.388228 0.052579 0.050265
1 0.788690 0.374339 0.058532 0.041005
1 0.546627 0.379630 0.040675 0.030423
1 0.643353 0.372354 0.045635 0.039683
1 0.408730 0.386243 0.038690 0.041005
