1 0.527778 0.518519 0.110119 0.125661
1 0.466766 0.461640 0.065476 0.072751
1 0.666171 0.572090 0.130952 0.111111
1 0.508433 0.417328 0.047619 0.050265
1 0.529762 0.414021 0.034722 0.033069
1 0.562996 0.412037 0.027778 0.021164
1 0.601190 0.432540 0.038690 0.041005
1 0.670635 0.490741 0.076389 0.083333
1 0.703869 0.477513 0.051587 0.070106
1 0.757440 0.502646 0.069444 0.070106
1 0.780754 0.447751 0.038690 0.031746
1 0.847718 0.475529 0.045635 0.034392
1 0.906250 0.507275 0.061508 0.042328
1 0.958581 0.549603 0.082837 0.058201
1 0.908730 0.487434 0.036706 0.031746
