1 0.034375 0.497222 0.065625 0.116667
1 0.130078 0.625000 0.257031 0.177778
1 0.261328 0.526389 0.125781 0.105556
1 0.337891 0.515972 0.082031 0.070833
1 0.582422 0.514583 0.082031 0.076389
1 0.775000 0.510417 0.101563 0.084722
1 0.789844 0.534722 0.089062 0.075000
1 0.750000 0.561806 0.132813 0.098611
1 0.577344 0.779167 0.446875 0.358333
0 0.449219 0.587500 0.045313 0.180556
0 0.476172 0.570833 0.038281 0.169444
0 0.510547 0.558333 0.039844 0.155556
0 0.674219 0.568750 0.090625 0.170833
0 0.285547 0.542361 0.038281 0.159722
0 0.293750 0.652778 0.081250 0.155556
0 0.099219 0.516667 0.046875 0.075000
