1 0.944531 0.452083 0.109375 0.095833
1 0.853516 0.417361 0.067969 0.073611
1 0.914844 0.497222 0.168750 0.141667
1 0.786328 0.463889 0.125781 0.108333
1 0.715234 0.425000 0.078906 0.061111
1 0.609766 0.417361 0.078906 0.062500
1 0.582031 0.478472 0.090625 0.098611
1 0.669141 0.574306 0.316406 0.306944
1 0.372266 0.404167 0.066406 0.069444
1 0.437500 0.404861 0.071875 0.084722
1 0.485156 0.436111 0.110937 0.091667
1 0.324219 0.427778 0.062500 0.075000
1 0.073047 0.396528 0.092969 0.079167
1 0.137891 0.434028 0.089844 0.090278
1 0.259375 0.440278 0.106250 0.100000
1 0.276563 0.482639 0.120312 0.112500
1 0.342969 0.529861 0.189063 0.162500
1 0.074609 0.547222 0.144531 0.172222
0 0.649219 0.622222 0.065625 0.125000
0 0.873047 0.554861 0.053906 0.090278
