1 0.450397 0.436508 0.177579 0.175926
1 0.065352 0.423942 0.130208 0.121693
1 0.018229 0.405423 0.035962 0.113757
1 0.208333 0.348545 0.080357 0.068783
1 0.767857 0.445106 0.165675 0.177249
1 0.111607 0.319444 0.071429 0.060847
1 0.188492 0.326058 0.072421 0.068783
1 0.319444 0.316138 0.066468 0.059524
1 0.288194 0.286376 0.045635 0.047619
1 0.222718 0.306878 0.045635 0.046296
1 0.247024 0.279762 0.040675 0.034392
1 0.387401 0.300265 0.053571 0.041005
1 0.485615 0.333333 0.083333 0.062169
1 0.443948 0.308201 0.059524 0.051587
1 0.465774 0.302249 0.051587 0.047619
1 0.559524 0.318783 0.066468 0.051587
1 0.616567 0.316138 0.061508 0.056878
1 0.673115 0.373677 0.077381 0.079365
1 0.651290 0.329365 0.053571 0.054233
1 0.758433 0.346561 0.107143 0.080688
1 0.912202 0.366402 0.093254 0.075397
1 0.957341 0.345899 0.070437 0.058201
1 0.921131 0.324074 0.077381 0.062169
1 0.714286 0.306217 0.060516 0.044974
1 0.753472 0.303571 0.041667 0.044974
1 0.782738 0.320106 0.062500 0.051587
1 0.329861 0.304233 0.069444 0.046296
1 0.511905 0.294312 0.042659 0.042328
1 0.556548 0.294312 0.052579 0.039683
1 0.625000 0.295635 0.048611 0.047619
0 0.069141 0.644444 0.078906 0.158333
0 0.127344 0.602778 0.079687 0.272222
0 0.698828 0.577778 0.069531 0.147222
0 0.731641 0.570139 0.050781 0.120833
0 0.788672 0.581250 0.060156 0.104167
0 0.542578 0.392361 0.025781 0.051389
0 0.414453 0.450000 0.038281 0.086111
0 0.448438 0.451389 0.037500 0.083333
0 0.480078 0.456944 0.035156 0.066667
