1 0.049609 0.259028 0.091406 0.090278
1 0.264844 0.304861 0.101563 0.101389
1 0.303516 0.269444 0.055469 0.050000
1 0.313281 0.251389 0.048437 0.055556
1 0.416797 0.279861 0.063281 0.062500
1 0.466016 0.322917 0.075781 0.079167
1 0.522266 0.285417 0.063281 0.056944
1 0.640234 0.308333 0.078906 0.058333
1 0.591406 0.361806 0.101563 0.081944
1 0.783594 0.345139 0.112500 0.112500
1 0.951953 0.456250 0.096094 0.195833
1 0.596094 0.484028 0.210938 0.159722
1 0.362500 0.327778 0.075000 0.086111
1 0.410156 0.369444 0.132813 0.136111
1 0.262109 0.471528 0.307031 0.290278
1 0.655859 0.776389 0.458594 0.425000
