1 0.842386 0.338790 0.152034 0.141865
1 0.942212 0.263558 0.084821 0.066138
1 0.794767 0.250827 0.098462 0.089616
1 0.719122 0.275298 0.075149 0.072421
1 0.674355 0.234788 0.049603 0.053571
1 0.540675 0.338294 0.153770 0.172619
1 0.318204 0.299934 0.107143 0.093915
1 0.143105 0.315972 0.121528 0.089616
1 0.046999 0.294478 0.091022 0.087632
1 0.249876 0.261574 0.079117 0.066138
1 0.343874 0.225198 0.065724 0.053571
1 0.399058 0.210813 0.048115 0.047950
1 0.459945 0.214120 0.052827 0.045966
1 0.515873 0.238426 0.075397 0.052249
1 0.580729 0.224702 0.067212 0.049934
1 0.295883 0.201224 0.051091 0.041336
1 0.128968 0.228505 0.060020 0.048942
