1 0.110937 0.140972 0.054688 0.062500
1 0.148828 0.175694 0.077344 0.065278
1 0.032422 0.213889 0.063281 0.077778
1 0.072266 0.265278 0.136719 0.113889
1 0.225000 0.159722 0.050000 0.055556
1 0.285937 0.175000 0.059375 0.058333
1 0.331641 0.203472 0.086719 0.070833
1 0.287109 0.311806 0.183594 0.198611
1 0.407031 0.193750 0.067188 0.059722
1 0.463281 0.187500 0.057813 0.061111
1 0.502734 0.209722 0.057031 0.061111
1 0.518750 0.258333 0.075000 0.091667
1 0.601563 0.231250 0.098438 0.106944
1 0.631250 0.205556 0.043750 0.061111
1 0.751172 0.212500 0.063281 0.047222
1 0.738281 0.258333 0.076563 0.080556
1 0.600391 0.332639 0.144531 0.156944
