1 0.691406 0.368056 0.054688 0.063889
1 0.617188 0.368056 0.068750 0.075000
1 0.954687 0.346528 0.067188 0.048611
1 0.835547 0.381250 0.094531 0.065278
1 0.897656 0.413889 0.115625 0.086111
1 0.804688 0.460417 0.140625 0.109722
1 0.942578 0.731944 0.114844 0.269444
1 0.492188 0.369444 0.065625 0.055556
1 0.401172 0.362500 0.060156 0.044444
1 0.297266 0.373611 0.064844 0.058333
1 0.350781 0.382639 0.075000 0.056944
1 0.404687 0.414583 0.079687 0.062500
1 0.358203 0.443056 0.121094 0.097222
1 0.477344 0.454861 0.131250 0.104167
1 0.482812 0.597917 0.251563 0.218056
1 0.160156 0.427778 0.114063 0.094444
1 0.048828 0.465278 0.096094 0.105556
1 0.233203 0.885417 0.464844 0.229167
