1 0.290675 0.568122 0.094246 0.082011
1 0.226190 0.493386 0.060516 0.041005
1 0.311508 0.473545 0.028770 0.022487
1 0.349206 0.490079 0.038690 0.031746
1 0.432044 0.491402 0.031746 0.026455
1 0.427579 0.479497 0.024802 0.023810
1 0.469742 0.504630 0.043651 0.044974
1 0.455357 0.604497 0.118056 0.141534
1 0.494544 0.531746 0.081349 0.059524
1 0.596726 0.605820 0.105159 0.101852
1 0.535714 0.523148 0.050595 0.047619
1 0.261905 0.484127 0.024802 0.030423
1 0.720238 0.540344 0.082341 0.071429
1 0.822917 0.544312 0.053571 0.039683
1 0.952629 0.513889 0.094742 0.076720
1 0.897817 0.485450 0.030754 0.030423
1 0.830853 0.495370 0.033730 0.021164
1 0.857143 0.488757 0.030754 0.031746
1 0.655469 0.494444 0.034375 0.030556
1 0.639844 0.513194 0.045313 0.043056
1 0.701563 0.491667 0.031250 0.033333
1 0.755469 0.484722 0.026563 0.025000
