1 0.635547 0.420139 0.060156 0.065278
1 0.724609 0.492361 0.133594 0.131944
1 0.415234 0.424306 0.069531 0.068056
1 0.550000 0.438194 0.067188 0.095833
1 0.593750 0.424306 0.067188 0.073611
1 0.480078 0.470833 0.157031 0.150000
1 0.042188 0.411806 0.071875 0.068056
1 0.115234 0.394444 0.108594 0.069444
1 0.128516 0.442361 0.117969 0.093056
1 0.107031 0.489583 0.170312 0.134722
1 0.228516 0.436111 0.089844 0.091667
1 0.298438 0.456944 0.095312 0.102778
1 0.316406 0.509028 0.129688 0.134722
1 0.451562 0.575694 0.257813 0.254167
0 0.288672 0.770139 0.125781 0.204167
0 0.349219 0.727778 0.079687 0.150000
0 0.424219 0.748611 0.087500 0.188889
0 0.885547 0.584028 0.060156 0.095833
0 0.490234 0.620139 0.080469 0.134722
0 0.414453 0.622222 0.064844 0.130556
0 0.066406 0.551389 0.051562 0.097222
