1 0.028516 0.442361 0.050781 0.034722
1 0.058984 0.458333 0.058594 0.041667
1 0.120703 0.460417 0.052344 0.040278
1 0.024609 0.496528 0.047656 0.084722
1 0.201172 0.466667 0.044531 0.030556
1 0.214062 0.495833 0.075000 0.044444
1 0.140625 0.556944 0.165625 0.130556
1 0.262891 0.668056 0.228906 0.225000
1 0.322656 0.497917 0.067188 0.045833
1 0.345703 0.529167 0.075781 0.055556
1 0.424219 0.506944 0.042188 0.036111
1 0.453906 0.543056 0.045313 0.058333
1 0.491406 0.562500 0.110937 0.097222
1 0.437109 0.650000 0.111719 0.125000
1 0.583984 0.502083 0.030469 0.034722
1 0.633984 0.509028 0.033594 0.034722
1 0.677344 0.547917 0.082813 0.079167
1 0.581250 0.575694 0.056250 0.054167
