1 0.058904 0.588294 0.117312 0.115079
1 0.237847 0.607143 0.133929 0.149471
1 0.402282 0.575728 0.105159 0.103175
1 0.326761 0.504630 0.087550 0.076720
1 0.023065 0.483962 0.045635 0.061839
1 0.034474 0.467593 0.046627 0.034392
1 0.063740 0.445437 0.029762 0.027778
1 0.133433 0.436839 0.033730 0.031746
1 0.171131 0.459987 0.047619 0.038360
1 0.206597 0.437831 0.031746 0.025132
1 0.263889 0.422288 0.032738 0.026455
1 0.285466 0.427414 0.030754 0.026124
1 0.383929 0.481978 0.052579 0.050595
1 0.445933 0.445106 0.033730 0.026455
1 0.494048 0.459491 0.038690 0.040013
1 0.546007 0.486442 0.067212 0.064815
1 0.561384 0.459325 0.038442 0.037037
1 0.630208 0.476687 0.047619 0.040013
1 0.736483 0.442130 0.083085 0.063492
1 0.514881 0.433532 0.030754 0.027778
1 0.472470 0.422454 0.019841 0.018849
1 0.564732 0.430556 0.031746 0.026455
1 0.549355 0.421958 0.026786 0.025132
1 0.609003 0.412368 0.022569 0.019841
1 0.639261 0.414683 0.021577 0.021164
1 0.659474 0.422454 0.030754 0.018849
1 0.684400 0.411872 0.022569 0.018849
1 0.713790 0.404101 0.023810 0.021164
1 0.801339 0.421958 0.030754 0.025132
1 0.827257 0.410384 0.020585 0.026455
1 0.762401 0.428241 0.027778 0.035714
1 0.747396 0.406085 0.026042 0.022487
1 0.288814 0.446098 0.031994 0.024471
1 0.316964 0.469246 0.064980 0.039683
1 0.267609 0.426422 0.024802 0.022817
