1 0.209766 0.320833 0.152344 0.141667
1 0.273828 0.215278 0.064844 0.069444
1 0.336719 0.195833 0.064062 0.058333
1 0.324219 0.245139 0.096875 0.084722
1 0.414844 0.225000 0.070313 0.069444
1 0.462500 0.182639 0.050000 0.059722
1 0.607813 0.204167 0.079687 0.091667
1 0.518359 0.238194 0.096094 0.070833
1 0.513672 0.311806 0.153906 0.134722
1 0.213281 0.701389 0.423438 0.516667
1 0.728125 0.191667 0.064062 0.044444
1 0.778906 0.216667 0.068750 0.066667
1 0.739844 0.236806 0.093750 0.081944
1 0.692969 0.278472 0.140625 0.112500
1 0.925391 0.265278 0.102344 0.105556
