1 0.991927 0.555556 0.016146 0.061111
1 0.890625 0.657407 0.218750 0.181481
1 0.828646 0.572222 0.104167 0.094444
1 0.937240 0.525926 0.063021 0.055556
1 0.534896 0.765741 0.440625 0.338889
1 0.574219 0.581019 0.100521 0.119444
1 0.465625 0.561574 0.075000 0.065741
1 0.522396 0.533333 0.053125 0.055556
1 0.478125 0.534722 0.052083 0.065741
1 0.502604 0.518056 0.051042 0.063889
1 0.434375 0.528241 0.051042 0.065741
1 0.298698 0.544907 0.057813 0.063889
1 0.319531 0.528704 0.040104 0.057407
1 0.177865 0.554630 0.063021 0.079630
1 0.104948 0.632407 0.136979 0.231481
1 0.057552 0.579630 0.114062 0.179630
