0 0.802083 0.499537 0.046875 0.115741
0 0.832292 0.552778 0.072917 0.179630
1 0.178646 0.622685 0.240625 0.325000
1 0.290625 0.482407 0.095833 0.100000
1 0.609115 0.482407 0.145313 0.133333
1 0.515365 0.425926 0.041146 0.055556
1 0.911198 0.446759 0.134896 0.128704
1 0.947656 0.548148 0.103646 0.316667
1 0.035156 0.519444 0.069271 0.164815
1 0.323698 0.422222 0.059896 0.081481
1 0.047396 0.471296 0.093750 0.087037
1 0.041927 0.448611 0.082812 0.102778
1 0.373437 0.415741 0.072917 0.072222
1 0.639323 0.416667 0.126562 0.100000
