1 0.192448 0.568981 0.253646 0.326852
1 0.084375 0.372685 0.118750 0.126852
1 0.196615 0.327315 0.073438 0.087963
1 0.322917 0.370833 0.092708 0.130556
1 0.089063 0.304167 0.057292 0.065741
1 0.415104 0.374537 0.082292 0.099074
1 0.460938 0.443981 0.106250 0.125000
1 0.569531 0.503704 0.149479 0.159259
1 0.587240 0.359722 0.040104 0.052778
1 0.609896 0.392593 0.064583 0.074074
1 0.748698 0.449074 0.072396 0.090741
1 0.798958 0.436111 0.062500 0.088889
1 0.859635 0.430093 0.068229 0.080556
1 0.804167 0.387963 0.052083 0.051852
1 0.662760 0.350463 0.045312 0.062037
