1 0.065885 0.374074 0.077604 0.077778
1 0.167448 0.397222 0.059896 0.062963
1 0.240365 0.458333 0.118229 0.109259
1 0.240625 0.704630 0.292708 0.400000
1 0.290885 0.380556 0.044271 0.051852
1 0.375000 0.396759 0.068750 0.067593
1 0.489583 0.428704 0.094792 0.103704
1 0.589844 0.418056 0.081771 0.091667
1 0.619010 0.489352 0.117188 0.106481
1 0.748958 0.557407 0.179167 0.179630
1 0.969792 0.470833 0.060417 0.104630
1 0.815365 0.414815 0.066146 0.064815
1 0.686458 0.359259 0.051042 0.055556
1 0.895312 0.361574 0.042708 0.047222
1 0.925000 0.381481 0.032292 0.046296
1 0.964323 0.399074 0.045312 0.048148
