1 0.772396 0.637500 0.312500 0.321296
1 0.091927 0.517130 0.182812 0.165741
1 0.077344 0.455556 0.107813 0.096296
1 0.122396 0.433796 0.082292 0.069444
1 0.095573 0.411574 0.059896 0.078704
1 0.209896 0.425000 0.048958 0.040741
1 0.239583 0.415741 0.045833 0.040741
1 0.322396 0.410185 0.048958 0.044444
1 0.335938 0.437963 0.050000 0.046296
1 0.365365 0.424074 0.071354 0.053704
1 0.396875 0.462963 0.090625 0.081481
1 0.535677 0.487963 0.139063 0.127778
1 0.640885 0.446759 0.067187 0.067593
1 0.747917 0.444444 0.129167 0.129630
1 0.919271 0.516667 0.161458 0.135185
1 0.946875 0.475463 0.106250 0.106481
0 0.233854 0.514815 0.052083 0.103704
0 0.038021 0.616204 0.075000 0.210185
0 0.169531 0.521759 0.048438 0.117593
