1 0.789844 0.613426 0.269271 0.276852
1 0.078906 0.525926 0.156771 0.187037
1 0.182031 0.439815 0.060937 0.064815
1 0.290365 0.467593 0.095312 0.087037
1 0.023958 0.412963 0.046875 0.061111
1 0.039844 0.408333 0.049479 0.044444
1 0.157031 0.417593 0.032813 0.033333
1 0.133854 0.410185 0.046875 0.051852
1 0.200521 0.422685 0.067708 0.058333
1 0.235937 0.406944 0.051042 0.054630
1 0.352604 0.422222 0.050000 0.057407
1 0.390625 0.418519 0.052083 0.050000
1 0.414844 0.424074 0.066146 0.085185
1 0.460417 0.490278 0.139583 0.115741
1 0.500000 0.447685 0.076042 0.062037
1 0.607552 0.446759 0.113021 0.102778
1 0.968750 0.460185 0.062500 0.101852
0 0.133333 0.661111 0.160417 0.275926
0 0.128906 0.528241 0.045312 0.119444
0 0.178906 0.526389 0.071354 0.104630
0 0.307031 0.423611 0.035937 0.066667
