1 0.464583 0.361111 0.055208 0.081481
1 0.583854 0.449537 0.115625 0.100926
1 0.801042 0.333333 0.035417 0.059259
1 0.951562 0.356019 0.081250 0.067593
1 0.865885 0.664815 0.268229 0.351852
1 0.032031 0.372222 0.054688 0.050000
1 0.055078 0.360417 0.052344 0.054167
1 0.170312 0.341667 0.040625 0.044444
1 0.139844 0.350000 0.045313 0.044444
1 0.187109 0.386111 0.069531 0.061111
1 0.119531 0.407639 0.082813 0.084722
1 0.054297 0.440278 0.094531 0.100000
1 0.554688 0.377778 0.059375 0.075000
1 0.581641 0.399306 0.086719 0.076389
1 0.603906 0.340972 0.037500 0.045833
1 0.674609 0.325694 0.047656 0.054167
1 0.719922 0.384722 0.066406 0.072222
1 0.847656 0.343750 0.050000 0.051389
