1 0.017578 0.431250 0.035156 0.087500
1 0.080859 0.487500 0.132031 0.119444
1 0.121484 0.751389 0.244531 0.438889
1 0.142578 0.405556 0.046094 0.047222
1 0.185156 0.381250 0.048437 0.048611
1 0.294141 0.393056 0.049219 0.047222
1 0.258984 0.404861 0.053906 0.056944
1 0.233984 0.424306 0.082031 0.068056
1 0.425000 0.390278 0.051562 0.075000
1 0.451172 0.432639 0.083594 0.079167
1 0.478906 0.499306 0.118750 0.120833
1 0.348828 0.445833 0.100781 0.111111
1 0.494141 0.377778 0.058594 0.058333
1 0.544141 0.365278 0.042969 0.052778
1 0.616406 0.380556 0.057813 0.063889
1 0.664844 0.418750 0.068750 0.065278
1 0.796875 0.395833 0.059375 0.044444
1 0.898438 0.377778 0.057813 0.044444
1 0.953906 0.416667 0.081250 0.077778
1 0.881641 0.432639 0.088281 0.081944
1 0.819922 0.453472 0.089844 0.098611
1 0.593750 0.555556 0.171875 0.166667
