1 0.411198 0.601852 0.427604 0.331481
1 0.264583 0.451389 0.154167 0.143519
1 0.131510 0.433333 0.116146 0.098148
1 0.519792 0.395370 0.103125 0.111111
1 0.642708 0.470833 0.139583 0.130556
1 0.701302 0.424074 0.111979 0.100000
1 0.783594 0.383796 0.064062 0.058333
1 0.943750 0.387037 0.112500 0.101852
1 0.978385 0.435648 0.043229 0.108333
1 0.018490 0.383333 0.035937 0.048148
1 0.089844 0.404167 0.069271 0.071296
1 0.134115 0.383796 0.091146 0.069444
1 0.312240 0.381481 0.056771 0.046296
1 0.360938 0.379630 0.080208 0.092593
1 0.429167 0.406019 0.078125 0.063889
1 0.465104 0.387037 0.071875 0.090741
1 0.571615 0.384259 0.063021 0.050000
1 0.638802 0.385185 0.056771 0.044444
1 0.577604 0.374074 0.046875 0.050000
