1 0.441927 0.700000 0.420312 0.320370
1 0.026823 0.467130 0.052604 0.076852
1 0.215625 0.489352 0.112500 0.117593
1 0.339323 0.569444 0.169271 0.181481
1 0.546615 0.450463 0.071354 0.060185
1 0.667188 0.486574 0.123958 0.108333
1 0.916667 0.553704 0.166667 0.200000
1 0.408073 0.461111 0.094271 0.103704
1 0.595833 0.423611 0.057292 0.071296
1 0.670312 0.428241 0.080208 0.073148
1 0.804427 0.457407 0.109896 0.096296
1 0.866146 0.446296 0.081250 0.094444
1 0.955469 0.437963 0.089063 0.103704
1 0.977865 0.389815 0.044271 0.111111
