1 0.299479 0.646759 0.272917 0.382407
1 0.798698 0.522222 0.174479 0.172222
1 0.669010 0.453241 0.116146 0.121296
1 0.639583 0.381481 0.092708 0.085185
1 0.537240 0.397222 0.092188 0.112963
1 0.291927 0.417130 0.116146 0.106481
1 0.121875 0.333333 0.073958 0.081481
1 0.218750 0.355093 0.068750 0.075000
1 0.344271 0.338889 0.045833 0.042593
1 0.425521 0.359259 0.067708 0.066667
1 0.873437 0.381944 0.071875 0.065741
1 0.984635 0.347685 0.030729 0.054630
1 0.953906 0.324537 0.043229 0.049074
1 0.734896 0.316204 0.045833 0.043519
1 0.683333 0.323611 0.053125 0.052778
1 0.817969 0.337037 0.059896 0.074074
1 0.483203 0.336111 0.042969 0.050000
1 0.446875 0.345139 0.056250 0.056944
