1 0.053385 0.627778 0.105729 0.137037
1 0.096354 0.571759 0.067708 0.082407
1 0.422396 0.781019 0.331250 0.358333
1 0.225260 0.553241 0.060937 0.065741
1 0.256510 0.537037 0.044271 0.048148
1 0.371875 0.537037 0.047917 0.059259
1 0.400781 0.567130 0.061979 0.069444
1 0.416406 0.544907 0.045312 0.052778
1 0.465625 0.538426 0.057292 0.058333
1 0.437500 0.533333 0.048958 0.062963
1 0.511198 0.588426 0.088021 0.112037
1 0.566667 0.518981 0.063542 0.058333
1 0.682552 0.529167 0.064062 0.075000
1 0.746615 0.586574 0.094271 0.108333
1 0.825521 0.655093 0.226042 0.160185
1 0.859635 0.526852 0.050521 0.042593
1 0.932292 0.555556 0.077083 0.061111
1 0.931771 0.530556 0.052083 0.057407
1 0.989844 0.544907 0.020313 0.067593
