1 0.956250 0.375463 0.087500 0.113889
1 0.901302 0.341667 0.117188 0.100000
1 0.745052 0.337963 0.064062 0.050000
1 0.327083 0.573148 0.413542 0.370370
1 0.034375 0.389352 0.056250 0.073148
1 0.080469 0.416667 0.124479 0.085185
1 0.203906 0.430093 0.147396 0.134259
1 0.381771 0.371759 0.069792 0.067593
1 0.269792 0.355556 0.052083 0.048148
1 0.310417 0.345370 0.075000 0.111111
1 0.476042 0.366204 0.102083 0.112037
1 0.592187 0.429167 0.140625 0.132407
1 0.663281 0.381944 0.114062 0.100926
1 0.534635 0.351852 0.058854 0.051852
1 0.603125 0.345370 0.069792 0.053704
1 0.541667 0.328704 0.048958 0.059259
