0 0.490365 0.813889 0.093229 0.362963
0 0.741406 0.633796 0.027604 0.121296
0 0.931250 0.633796 0.055208 0.210185
1 0.124479 0.833796 0.247917 0.332407
1 0.205990 0.627315 0.091146 0.123148
1 0.315625 0.655556 0.121875 0.100000
1 0.014323 0.613889 0.027604 0.050000
1 0.027865 0.612037 0.034896 0.050000
1 0.173958 0.608796 0.055208 0.075000
1 0.149479 0.584259 0.032292 0.046296
1 0.314583 0.594444 0.052083 0.046296
1 0.260417 0.590741 0.047917 0.053704
1 0.382812 0.573148 0.043750 0.046296
1 0.450781 0.583333 0.040104 0.044444
1 0.488542 0.588426 0.055208 0.050926
1 0.489063 0.568519 0.058333 0.048148
1 0.551823 0.568981 0.065104 0.062037
1 0.637240 0.576852 0.057813 0.064815
1 0.689323 0.600926 0.128646 0.098148
