1 0.511979 0.745833 0.472917 0.508333
1 0.186979 0.552778 0.213542 0.179630
1 0.057292 0.462963 0.102083 0.100000
1 0.122396 0.451389 0.082292 0.087963
1 0.209375 0.435185 0.078125 0.079630
1 0.266146 0.425000 0.066667 0.087037
1 0.322135 0.438426 0.063021 0.067593
1 0.360677 0.469444 0.094271 0.090741
1 0.196094 0.408796 0.056771 0.069444
1 0.456510 0.422685 0.065104 0.058333
1 0.511979 0.446296 0.100000 0.090741
1 0.832031 0.494907 0.153646 0.210185
1 0.947396 0.568519 0.105208 0.187037
1 0.783333 0.450463 0.076042 0.136111
1 0.557813 0.432870 0.051042 0.071296
