1 0.152604 0.534722 0.286458 0.358333
1 0.068490 0.312963 0.123438 0.116667
1 0.091406 0.229167 0.048438 0.056481
1 0.132552 0.199537 0.056771 0.058333
1 0.197396 0.245833 0.077083 0.089815
1 0.326302 0.256019 0.106771 0.130556
1 0.423698 0.243981 0.093229 0.106481
1 0.464062 0.308333 0.116667 0.118519
1 0.585156 0.355556 0.148438 0.161111
1 0.576562 0.187500 0.056250 0.075000
1 0.503385 0.170370 0.044271 0.068519
1 0.453125 0.182407 0.054167 0.064815
1 0.627865 0.220370 0.057813 0.068519
1 0.694271 0.163426 0.038542 0.050926
1 0.775260 0.254167 0.084896 0.106481
1 0.832552 0.225926 0.070312 0.094444
1 0.894271 0.203241 0.066667 0.082407
1 0.839583 0.170370 0.053125 0.055556
