1 0.148438 0.809259 0.287500 0.372222
1 0.123177 0.537963 0.121354 0.114815
1 0.171094 0.448148 0.054688 0.061111
1 0.263281 0.462500 0.071354 0.080556
1 0.377604 0.493519 0.091667 0.118519
1 0.480208 0.481481 0.086458 0.090741
1 0.511979 0.561111 0.113542 0.112963
1 0.632031 0.619444 0.163021 0.157407
1 0.568490 0.412037 0.047396 0.051852
1 0.694792 0.468519 0.066667 0.064815
1 0.766146 0.409722 0.035417 0.039815
1 0.921875 0.429167 0.047917 0.050926
1 0.970052 0.478241 0.059896 0.080556
1 0.907031 0.490741 0.081771 0.088889
1 0.844792 0.516667 0.086458 0.092593
