1 0.118490 0.556944 0.119271 0.100926
1 0.214323 0.491667 0.072396 0.074074
1 0.273177 0.713889 0.251563 0.309259
1 0.341406 0.511574 0.098437 0.106481
1 0.426823 0.494444 0.083854 0.088889
1 0.479687 0.556019 0.107292 0.106481
1 0.601562 0.579167 0.142708 0.145370
1 0.612240 0.469444 0.055729 0.062963
1 0.755469 0.501389 0.085938 0.102778
1 0.806510 0.472685 0.070312 0.080556
1 0.861979 0.453241 0.063542 0.086111
1 0.483203 0.429861 0.032031 0.045833
1 0.438281 0.439583 0.053125 0.048611
1 0.389453 0.463194 0.046094 0.073611
1 0.723047 0.447222 0.049219 0.041667
1 0.805078 0.424306 0.042969 0.037500
