1 0.151823 0.354630 0.070312 0.077778
1 0.241406 0.408796 0.120313 0.106481
1 0.296875 0.631481 0.278125 0.362963
1 0.272135 0.318056 0.045312 0.054630
1 0.311979 0.293056 0.051042 0.056481
1 0.361458 0.328704 0.077083 0.090741
1 0.472135 0.344907 0.110937 0.126852
1 0.578385 0.327315 0.096354 0.087963
1 0.610417 0.391667 0.115625 0.116667
1 0.733073 0.436111 0.175521 0.172222
1 0.659635 0.243056 0.048438 0.060185
1 0.610417 0.259259 0.065625 0.068519
1 0.794010 0.286111 0.070312 0.070370
1 0.870313 0.217593 0.046875 0.050000
1 0.955208 0.311111 0.089583 0.116667
