1 0.143490 0.686574 0.285938 0.386111
1 0.051302 0.493056 0.068229 0.056481
1 0.022396 0.479630 0.043750 0.051852
1 0.111458 0.461111 0.043750 0.038889
1 0.147656 0.475463 0.068229 0.052778
1 0.321875 0.487963 0.073958 0.111111
1 0.300781 0.475463 0.066146 0.082407
1 0.409635 0.518056 0.105729 0.089815
1 0.380729 0.455556 0.052083 0.050000
1 0.427083 0.464815 0.052083 0.046296
1 0.496094 0.451389 0.046354 0.058333
1 0.558594 0.461111 0.047396 0.042593
1 0.588542 0.466667 0.065625 0.046296
1 0.587240 0.545833 0.135937 0.123148
1 0.663802 0.451389 0.058854 0.047222
1 0.735938 0.463889 0.055208 0.055556
1 0.771615 0.478704 0.120313 0.096296
