0 0.447396 0.439352 0.016667 0.056481
0 0.519010 0.430093 0.028646 0.058333
0 0.055990 0.453241 0.011979 0.050926
0 0.067969 0.453704 0.013021 0.046296
1 0.844010 0.483796 0.103646 0.121296
1 0.537760 0.502315 0.090104 0.093519
1 0.609635 0.449074 0.068229 0.096296
1 0.408333 0.476852 0.070833 0.068519
1 0.217969 0.463426 0.073438 0.091667
1 0.101562 0.466667 0.053125 0.053704
1 0.753906 0.429630 0.065104 0.075926
1 0.796875 0.454167 0.078125 0.080556
1 0.977344 0.437963 0.045312 0.068519
0 0.707292 0.430093 0.014583 0.062037
0 0.719792 0.420833 0.013542 0.067593
1 0.045833 0.519907 0.090625 0.086111
1 0.354687 0.453241 0.052083 0.058333
1 0.290104 0.462037 0.044792 0.059259
