1 0.107031 0.804630 0.213021 0.390741
1 0.027865 0.546296 0.054688 0.077778
1 0.027344 0.519907 0.053646 0.067593
1 0.082031 0.513426 0.063021 0.062037
1 0.134896 0.570833 0.096875 0.123148
1 0.451562 0.621759 0.205208 0.156481
1 0.388281 0.561574 0.091146 0.115741
1 0.548177 0.527315 0.064062 0.063889
1 0.551042 0.506944 0.050000 0.065741
1 0.617708 0.519907 0.048958 0.060185
1 0.643229 0.511111 0.056250 0.050000
1 0.682292 0.565278 0.097917 0.112037
1 0.695052 0.512963 0.041146 0.061111
1 0.724219 0.513426 0.042188 0.062037
1 0.707031 0.493056 0.043229 0.067593
1 0.749740 0.510185 0.041146 0.037037
1 0.779948 0.524074 0.058854 0.044444
1 0.826562 0.496296 0.038542 0.044444
1 0.863281 0.511111 0.060937 0.053704
1 0.868229 0.734259 0.263542 0.422222
0 0.205078 0.559028 0.027344 0.068056
0 0.204688 0.588194 0.046875 0.095833
