1 0.088021 0.480556 0.098958 0.088889
1 0.132292 0.422685 0.060417 0.060185
1 0.205990 0.440741 0.075521 0.075926
1 0.287240 0.498148 0.133854 0.131481
1 0.419010 0.457407 0.091146 0.105556
1 0.393490 0.435648 0.058854 0.054630
1 0.642448 0.599537 0.250521 0.217593
1 0.473438 0.438889 0.066667 0.062963
1 0.592969 0.485648 0.090104 0.095370
1 0.631771 0.525463 0.131250 0.130556
1 0.584115 0.452315 0.046354 0.078704
1 0.742969 0.445370 0.115104 0.098148
1 0.844792 0.492593 0.094792 0.090741
0 0.021354 0.551389 0.041667 0.119444
0 0.068490 0.675926 0.135937 0.264815
0 0.129427 0.458333 0.027604 0.133333
