1 0.030729 0.286111 0.056250 0.094444
1 0.440625 0.531019 0.386458 0.306481
1 0.963802 0.265278 0.072396 0.150926
1 0.702344 0.217593 0.114062 0.112963
1 0.616146 0.323148 0.105208 0.103704
1 0.670573 0.294444 0.070312 0.087037
1 0.523958 0.238426 0.065625 0.060185
1 0.391927 0.224074 0.038021 0.044444
1 0.270573 0.229630 0.040104 0.044444
1 0.195573 0.242130 0.049479 0.052778
1 0.178646 0.370370 0.128125 0.096296
1 0.435937 0.235185 0.040625 0.038889
1 0.172656 0.309722 0.096875 0.080556
1 0.137891 0.288889 0.071094 0.075000
1 0.173438 0.258333 0.046875 0.047222
1 0.318359 0.286806 0.063281 0.068056
0 0.954687 0.431250 0.039063 0.101389
0 0.924609 0.450694 0.033594 0.079167
0 0.896094 0.480556 0.071875 0.205556
1 0.913281 0.388889 0.171875 0.202778
1 0.845312 0.280556 0.065625 0.080556
0 0.110156 0.329861 0.035937 0.073611
0 0.183594 0.585417 0.089062 0.237500
0 0.182031 0.620833 0.070313 0.161111
0 0.281250 0.625694 0.095312 0.165278
