1 0.085417 0.725463 0.169792 0.428704
1 0.098958 0.437963 0.053125 0.050000
1 0.143490 0.435648 0.090104 0.076852
1 0.200000 0.468519 0.077083 0.064815
1 0.287240 0.468056 0.113021 0.117593
1 0.344271 0.565278 0.167708 0.154630
1 0.392969 0.444444 0.061979 0.044444
1 0.471094 0.509259 0.118229 0.100000
1 0.448958 0.455556 0.073958 0.053704
1 0.594792 0.456944 0.059375 0.058333
1 0.731771 0.472222 0.127083 0.092593
1 0.771094 0.534722 0.122396 0.115741
1 0.970313 0.718519 0.059375 0.344444
0 0.344922 0.475000 0.032031 0.069444
