0 0.096354 0.506944 0.054167 0.112037
0 0.158073 0.509259 0.058854 0.114815
1 0.694792 0.603704 0.362500 0.301852
1 0.058854 0.506019 0.116667 0.175000
1 0.032031 0.441667 0.063021 0.103704
1 0.060417 0.419907 0.084375 0.071296
1 0.040885 0.400463 0.065104 0.082407
1 0.156771 0.406019 0.051042 0.049074
1 0.189583 0.395370 0.045833 0.046296
1 0.279167 0.422222 0.059375 0.057407
1 0.269792 0.395370 0.052083 0.050000
1 0.316146 0.406944 0.085417 0.054630
1 0.343750 0.445833 0.102083 0.080556
1 0.478385 0.469907 0.145313 0.125000
1 0.518490 0.410648 0.091146 0.073148
1 0.591927 0.428241 0.081771 0.062037
1 0.684896 0.413889 0.113542 0.144444
1 0.849479 0.494907 0.152083 0.132407
1 0.897135 0.456019 0.117188 0.102778
1 0.798698 0.414352 0.068229 0.056481
1 0.959375 0.419907 0.072917 0.067593
