1 0.044271 0.267130 0.062500 0.078704
1 0.189323 0.355556 0.141146 0.103704
1 0.184375 0.292593 0.088542 0.072222
1 0.328646 0.270370 0.060417 0.055556
1 0.282813 0.211111 0.037500 0.048148
1 0.183854 0.242130 0.040625 0.047222
1 0.206250 0.225463 0.034375 0.041667
1 0.405208 0.203241 0.033333 0.043519
1 0.537760 0.218519 0.053646 0.059259
1 0.717708 0.193056 0.116667 0.112037
1 0.628385 0.297685 0.102604 0.108333
1 0.681771 0.265741 0.076042 0.098148
1 0.927604 0.366204 0.144792 0.212037
1 0.449479 0.511574 0.373958 0.323148
0 0.405859 0.584028 0.103906 0.168056
0 0.704297 0.286806 0.038281 0.059722
0 0.914063 0.450694 0.068750 0.201389
0 0.939062 0.431944 0.032812 0.094444
