1 0.133073 0.744907 0.261979 0.413889
1 0.094531 0.455556 0.122396 0.109259
1 0.127344 0.342130 0.044271 0.049074
1 0.148438 0.356481 0.047917 0.050000
1 0.192448 0.325000 0.043229 0.050000
1 0.240104 0.369444 0.067708 0.075926
1 0.268490 0.350463 0.053646 0.049074
1 0.363021 0.394444 0.098958 0.112963
1 0.465104 0.376852 0.082292 0.087037
1 0.495312 0.450463 0.113542 0.110185
1 0.617969 0.503704 0.161979 0.150000
1 0.554688 0.291667 0.040625 0.046296
1 0.680208 0.344444 0.062500 0.064815
1 0.751563 0.280093 0.036458 0.045370
1 0.813281 0.314352 0.044271 0.043519
1 0.828125 0.383796 0.092708 0.106481
1 0.893229 0.356019 0.078125 0.089815
1 0.962500 0.334722 0.068750 0.078704
1 0.907292 0.292593 0.048958 0.050000
0 0.303125 0.332639 0.043750 0.043056
0 0.508203 0.515278 0.030469 0.088889
0 0.535156 0.498611 0.032812 0.086111
0 0.513672 0.323611 0.019531 0.052778
