1 0.126823 0.581944 0.122396 0.102778
1 0.223698 0.518519 0.082812 0.075926
1 0.277604 0.747222 0.258333 0.307407
1 0.350000 0.540741 0.094792 0.112963
1 0.442969 0.528704 0.074479 0.092593
1 0.494531 0.597222 0.096354 0.100000
1 0.608854 0.635185 0.141667 0.140741
1 0.625521 0.524537 0.064583 0.060185
1 0.448958 0.481481 0.053125 0.050000
1 0.763802 0.557870 0.075521 0.095370
1 0.817708 0.537963 0.065625 0.087037
1 0.873177 0.526389 0.068229 0.080556
1 0.496875 0.472917 0.034375 0.045833
1 0.570313 0.488889 0.048437 0.058333
1 0.597656 0.488889 0.031250 0.038889
1 0.675781 0.474306 0.043750 0.048611
0 0.703125 0.545833 0.023438 0.100000
0 0.517969 0.634722 0.031250 0.072222
0 0.541797 0.620139 0.032031 0.065278
0 0.143359 0.756250 0.038281 0.173611
