1 0.052344 0.431944 0.099479 0.104630
1 0.071615 0.341667 0.045312 0.048148
1 0.191406 0.386111 0.056771 0.068519
1 0.179427 0.332407 0.046354 0.053704
1 0.295312 0.347222 0.037500 0.048148
1 0.406771 0.379630 0.063542 0.068519
1 0.554948 0.400000 0.108854 0.112963
1 0.485417 0.443519 0.066667 0.090741
1 0.423698 0.458333 0.093229 0.116667
1 0.214323 0.565278 0.226562 0.245370
1 0.613542 0.532407 0.124479 0.167593
1 0.737240 0.473148 0.120313 0.162963
1 0.847656 0.593056 0.220312 0.258333
0 0.533594 0.588194 0.050000 0.151389
0 0.628516 0.575694 0.038281 0.084722
