1 0.062500 0.454167 0.078125 0.067593
1 0.170833 0.479167 0.110417 0.110185
1 0.286979 0.465278 0.091667 0.095370
1 0.316406 0.533796 0.116146 0.123148
1 0.434115 0.578704 0.161979 0.140741
1 0.336719 0.397222 0.047396 0.061111
1 0.386198 0.394444 0.041146 0.051852
1 0.454167 0.408796 0.052083 0.062037
1 0.501042 0.446296 0.063542 0.066667
1 0.645833 0.480556 0.069792 0.081481
1 0.698177 0.450463 0.067187 0.075000
1 0.763021 0.432870 0.063542 0.062037
1 0.598437 0.407870 0.033333 0.045370
1 0.711719 0.399074 0.039062 0.033333
