1 0.125781 0.806019 0.246354 0.387963
1 0.078906 0.521759 0.128646 0.106481
1 0.227865 0.449537 0.070312 0.078704
1 0.341927 0.479630 0.107813 0.120370
1 0.446094 0.474074 0.095312 0.085185
1 0.474219 0.548148 0.111979 0.112963
1 0.589844 0.614352 0.158854 0.171296
1 0.486979 0.400000 0.052083 0.048148
1 0.533854 0.390741 0.046875 0.057407
1 0.659635 0.454167 0.066146 0.069444
1 0.811198 0.500463 0.085938 0.097222
1 0.873698 0.481944 0.080729 0.097222
1 0.947396 0.463426 0.077083 0.078704
1 0.795833 0.433796 0.062500 0.050926
