1 0.188021 0.577315 0.182292 0.176852
1 0.063021 0.537963 0.120833 0.137037
1 0.271094 0.422685 0.069271 0.060185
1 0.413802 0.449537 0.077604 0.084259
1 0.468229 0.417130 0.061458 0.071296
1 0.528125 0.397222 0.052083 0.062963
1 0.801042 0.358796 0.062500 0.073148
1 0.935677 0.458333 0.128646 0.125926
1 0.964583 0.334259 0.045833 0.040741
1 0.136458 0.382407 0.044792 0.048148
1 0.073698 0.392593 0.059896 0.051852
1 0.218750 0.391667 0.056250 0.066667
1 0.253516 0.387500 0.035156 0.044444
1 0.345703 0.360417 0.039844 0.040278
1 0.401172 0.388194 0.041406 0.043056
1 0.417188 0.375694 0.043750 0.045833
1 0.481250 0.368750 0.039063 0.045833
1 0.600781 0.355556 0.037500 0.050000
1 0.774609 0.345139 0.038281 0.056944
1 0.850781 0.330556 0.028125 0.044444
1 0.935547 0.343056 0.050781 0.047222
1 0.901172 0.371528 0.069531 0.076389
1 0.939062 0.400000 0.101563 0.080556
0 0.048437 0.607639 0.076563 0.101389
0 0.095312 0.588194 0.046875 0.104167
0 0.610547 0.754167 0.105469 0.469444
0 0.814844 0.701389 0.065625 0.283333
