1 0.186458 0.518519 0.243750 0.250000
1 0.163281 0.339352 0.068229 0.080556
1 0.033073 0.387963 0.063021 0.109259
1 0.066406 0.293519 0.046354 0.044444
1 0.268490 0.305093 0.041146 0.052778
1 0.378906 0.343519 0.067187 0.068519
1 0.397135 0.416667 0.096354 0.118519
1 0.458594 0.398611 0.060937 0.082407
1 0.524479 0.361574 0.108333 0.104630
1 0.592969 0.500463 0.132812 0.180556
1 0.710156 0.437037 0.115104 0.166667
1 0.815885 0.546759 0.227604 0.245370
0 0.635547 0.562500 0.042969 0.113889
0 0.601563 0.542361 0.039063 0.098611
0 0.568750 0.545833 0.046875 0.138889
0 0.530469 0.537500 0.028125 0.063889
0 0.505859 0.545139 0.050781 0.151389
0 0.713672 0.464583 0.057031 0.087500
