1 0.641927 0.619907 0.373437 0.299074
1 0.434115 0.481481 0.146354 0.125926
1 0.297396 0.456481 0.103125 0.087037
1 0.238021 0.426389 0.057292 0.054630
1 0.797656 0.512037 0.142187 0.133333
1 0.844531 0.460185 0.118229 0.098148
1 0.911719 0.431944 0.064062 0.054630
1 0.758333 0.426852 0.058333 0.044444
1 0.787500 0.418519 0.062500 0.053704
1 0.647917 0.433333 0.107292 0.129630
1 0.555208 0.438889 0.073958 0.066667
1 0.025521 0.425463 0.050000 0.075000
1 0.111979 0.412963 0.054167 0.046296
1 0.032031 0.405093 0.063021 0.062037
1 0.145833 0.404630 0.048958 0.048148
1 0.271615 0.415741 0.066146 0.062963
1 0.477604 0.415741 0.077083 0.075926
0 0.034375 0.519907 0.067708 0.113889
0 0.096094 0.515278 0.061979 0.108333
