1 0.092448 0.707870 0.183854 0.425000
1 0.070833 0.411574 0.057292 0.060185
1 0.110417 0.419444 0.082292 0.075926
1 0.175000 0.442130 0.077083 0.065741
1 0.270573 0.442593 0.114062 0.118519
1 0.334375 0.540741 0.175000 0.140741
1 0.366927 0.425000 0.057813 0.044444
1 0.372917 0.410185 0.058333 0.055556
1 0.421875 0.424537 0.060417 0.054630
1 0.454427 0.476389 0.113021 0.097222
1 0.567187 0.425926 0.058333 0.050000
1 0.699740 0.435185 0.113021 0.098148
1 0.746875 0.493981 0.107292 0.104630
1 0.956771 0.645370 0.086458 0.383333
0 0.645312 0.438194 0.032812 0.115278
