1 0.081250 0.312963 0.060417 0.077778
1 0.222396 0.402315 0.127083 0.106481
1 0.239323 0.281944 0.044271 0.043519
1 0.314844 0.255093 0.045312 0.043519
1 0.353906 0.315278 0.061979 0.062037
1 0.434896 0.260648 0.041667 0.049074
1 0.567708 0.277315 0.061458 0.069444
1 0.743750 0.257407 0.115625 0.120370
1 0.711458 0.337037 0.073958 0.096296
1 0.655469 0.366204 0.108854 0.104630
1 0.944792 0.440278 0.110417 0.204630
1 0.486198 0.572685 0.373437 0.310185
1 0.891016 0.327778 0.066406 0.077778
0 0.941406 0.528472 0.071875 0.209722
0 0.304297 0.320139 0.028906 0.059722
0 0.145703 0.353472 0.021094 0.068056
0 0.161328 0.351389 0.027344 0.077778
0 0.731641 0.355556 0.033594 0.069444
