1 0.054427 0.344907 0.095312 0.125000
1 0.142448 0.300463 0.072396 0.075000
1 0.205208 0.289815 0.050000 0.061111
1 0.240625 0.325000 0.053125 0.075926
1 0.312240 0.383796 0.115104 0.106481
1 0.311198 0.620833 0.277604 0.378704
1 0.364583 0.308796 0.046875 0.054630
1 0.444271 0.327778 0.065625 0.070370
1 0.474740 0.314352 0.050521 0.060185
1 0.556250 0.355093 0.093750 0.108333
1 0.660937 0.355093 0.086458 0.087963
1 0.688021 0.429630 0.111458 0.105556
1 0.808333 0.495370 0.162500 0.175926
1 0.704948 0.291667 0.053646 0.062963
1 0.758854 0.284259 0.042708 0.053704
1 0.840365 0.306481 0.067187 0.064815
1 0.896875 0.354167 0.076042 0.067593
1 0.979167 0.302315 0.041667 0.052778
