1 0.089583 0.469907 0.104167 0.110185
1 0.146094 0.415278 0.078646 0.108333
1 0.278385 0.401389 0.067187 0.073148
1 0.325521 0.420370 0.069792 0.083333
1 0.372396 0.447222 0.091667 0.114815
1 0.471615 0.418981 0.059896 0.065741
1 0.509115 0.433796 0.058854 0.069444
1 0.573958 0.481019 0.130208 0.149074
1 0.765365 0.449537 0.099479 0.091667
1 0.649740 0.405093 0.039062 0.045370
0 0.510938 0.479630 0.027083 0.090741
0 0.903646 0.461574 0.026042 0.108333
0 0.934375 0.469444 0.031250 0.100000
1 0.022917 0.404167 0.044792 0.063889
1 0.764062 0.407870 0.105208 0.086111
1 0.966927 0.466667 0.066146 0.196296
