1 0.253125 0.793519 0.363542 0.412963
1 0.187240 0.652778 0.143229 0.137037
1 0.032552 0.624074 0.064062 0.125926
1 0.710938 0.585185 0.148958 0.137037
1 0.877083 0.512500 0.139583 0.117593
1 0.486979 0.571759 0.123958 0.113889
1 0.384375 0.544907 0.089583 0.125000
1 0.351823 0.521759 0.057813 0.067593
1 0.107031 0.555556 0.063021 0.053704
1 0.017448 0.543519 0.033854 0.048148
1 0.043229 0.540741 0.050000 0.046296
1 0.196094 0.531481 0.060937 0.048148
1 0.157031 0.520370 0.045312 0.040741
1 0.132031 0.522222 0.039062 0.037037
1 0.112240 0.527778 0.040104 0.037037
1 0.428385 0.500000 0.049479 0.050000
1 0.484115 0.506481 0.046354 0.055556
1 0.547917 0.489815 0.052083 0.053704
1 0.615625 0.493981 0.051042 0.050926
1 0.653385 0.500463 0.064062 0.060185
1 0.657813 0.479630 0.061458 0.055556
1 0.707292 0.489815 0.052083 0.050000
1 0.732292 0.478241 0.054167 0.065741
1 0.819010 0.481944 0.071354 0.069444
0 0.660417 0.747685 0.104167 0.384259
0 0.950260 0.548148 0.034896 0.146296
