1 0.045573 0.335648 0.089063 0.125000
1 0.124219 0.296296 0.065104 0.085185
1 0.183073 0.287500 0.049479 0.071296
1 0.219531 0.322685 0.056771 0.071296
1 0.296354 0.388426 0.113542 0.100926
1 0.295312 0.627315 0.286458 0.382407
1 0.325781 0.301852 0.033854 0.046296
1 0.347917 0.317593 0.040625 0.046296
1 0.422917 0.341204 0.060417 0.065741
1 0.453385 0.329630 0.044271 0.057407
1 0.534896 0.374074 0.090625 0.112963
1 0.641667 0.372685 0.087500 0.075000
1 0.671354 0.450463 0.120833 0.110185
1 0.798698 0.524074 0.183854 0.185185
1 0.880990 0.391667 0.071354 0.057407
1 0.966146 0.341204 0.042708 0.049074
1 0.744271 0.317130 0.044792 0.049074
1 0.689063 0.315741 0.055208 0.066667
1 0.859896 0.346759 0.036458 0.049074
1 0.387109 0.298611 0.044531 0.047222
1 0.614062 0.334722 0.057813 0.080556
1 0.820313 0.338889 0.064062 0.075000
