1 0.361458 0.641204 0.285417 0.360185
1 0.174479 0.505556 0.112500 0.107407
1 0.518750 0.464815 0.077083 0.111111
1 0.495833 0.437500 0.050000 0.069444
1 0.609115 0.500463 0.109896 0.082407
1 0.807031 0.529630 0.153646 0.122222
1 0.970313 0.468981 0.059375 0.119444
1 0.882552 0.437037 0.064062 0.062963
1 0.801562 0.446296 0.067708 0.044444
1 0.766667 0.437037 0.054167 0.051852
1 0.820052 0.425463 0.054688 0.071296
1 0.698438 0.431019 0.054167 0.056481
1 0.624219 0.438889 0.053646 0.048148
1 0.357031 0.444444 0.064062 0.051852
1 0.272656 0.459259 0.053646 0.057407
1 0.029427 0.478241 0.057813 0.062037
1 0.026823 0.458796 0.049479 0.069444
1 0.104948 0.460185 0.067187 0.062963
1 0.136458 0.450926 0.050000 0.046296
1 0.190885 0.448148 0.041146 0.048148
1 0.223698 0.448148 0.046354 0.048148
1 0.323698 0.433333 0.042188 0.037037
0 0.587500 0.435417 0.017188 0.051389
