1 0.173437 0.696296 0.200000 0.174074
1 0.144010 0.612500 0.117188 0.113889
1 0.733333 0.771296 0.360417 0.457407
1 0.640625 0.615741 0.135417 0.142593
1 0.939323 0.554167 0.121354 0.119444
1 0.945052 0.488426 0.060937 0.054630
1 0.825260 0.520370 0.093229 0.133333
1 0.784896 0.497685 0.046875 0.084259
1 0.632292 0.511111 0.062500 0.053704
1 0.466927 0.584722 0.111979 0.100926
1 0.326302 0.554167 0.063021 0.065741
1 0.395313 0.537500 0.051042 0.063889
1 0.427344 0.532407 0.045312 0.053704
1 0.262760 0.537037 0.042188 0.051852
1 0.328906 0.522222 0.040104 0.048148
1 0.595052 0.497685 0.038021 0.037963
1 0.234635 0.522222 0.029687 0.055556
1 0.188542 0.540278 0.056250 0.069444
1 0.071354 0.566204 0.076042 0.078704
1 0.474479 0.516204 0.035417 0.043519
1 0.500521 0.510185 0.035417 0.044444
1 0.527604 0.515741 0.033333 0.044444
1 0.551562 0.531481 0.055208 0.055556
