1 0.145052 0.809722 0.289062 0.380556
1 0.100521 0.578704 0.082292 0.077778
1 0.067187 0.543981 0.047917 0.050926
1 0.117448 0.552778 0.053646 0.055556
1 0.144271 0.537500 0.050000 0.078704
1 0.176042 0.554630 0.063542 0.066667
1 0.223698 0.599537 0.083854 0.112037
1 0.535937 0.634722 0.206250 0.162037
1 0.466406 0.575926 0.089063 0.090741
1 0.403385 0.529630 0.075521 0.090741
1 0.293229 0.522685 0.066667 0.065741
1 0.631250 0.555093 0.060417 0.069444
1 0.771094 0.581481 0.110937 0.109259
1 0.696354 0.532407 0.054167 0.070370
1 0.728906 0.533333 0.047396 0.059259
1 0.627604 0.521759 0.046875 0.071296
1 0.778125 0.522685 0.048958 0.050926
1 0.794531 0.502315 0.042188 0.067593
1 0.834115 0.522222 0.045312 0.048148
1 0.863802 0.537963 0.059896 0.053704
1 0.919792 0.506481 0.045833 0.044444
1 0.958333 0.518981 0.072917 0.062037
1 0.937240 0.622222 0.125521 0.125926
1 0.909896 0.754167 0.180208 0.412037
