1 0.264062 0.629630 0.241667 0.175926
1 0.196354 0.568981 0.106250 0.108333
1 0.127865 0.524537 0.086979 0.100926
1 0.307292 0.501852 0.051042 0.053704
1 0.372656 0.531481 0.061979 0.066667
1 0.374740 0.505556 0.042188 0.050000
1 0.439063 0.519907 0.056250 0.060185
1 0.467448 0.517130 0.041146 0.062037
1 0.507031 0.565278 0.105729 0.104630
1 0.515104 0.513889 0.047917 0.055556
1 0.528125 0.491667 0.043750 0.057407
1 0.565104 0.505556 0.036458 0.038889
1 0.588542 0.518519 0.053125 0.046296
1 0.637240 0.491667 0.031771 0.035185
1 0.665365 0.503241 0.055729 0.062037
1 0.688281 0.716667 0.280729 0.400000
1 0.663802 0.591204 0.151562 0.110185
1 0.843490 0.528241 0.085938 0.123148
1 0.818229 0.506944 0.055208 0.069444
1 0.941927 0.562500 0.116146 0.102778
1 0.966667 0.499537 0.056250 0.062037
1 0.912500 0.491667 0.054167 0.046296
