1 0.071354 0.431481 0.073958 0.077778
1 0.101823 0.416204 0.057813 0.062037
1 0.194792 0.452778 0.108333 0.109259
1 0.306771 0.436574 0.084375 0.087963
1 0.336198 0.500000 0.106771 0.098148
1 0.451302 0.549537 0.150521 0.143519
1 0.356771 0.379630 0.044792 0.044444
1 0.401823 0.364815 0.036979 0.046296
1 0.469792 0.378704 0.048958 0.057407
1 0.520312 0.416667 0.064583 0.062963
1 0.589844 0.362037 0.031771 0.040741
1 0.665104 0.444907 0.084375 0.086111
1 0.721354 0.423611 0.065625 0.071296
1 0.783854 0.403241 0.058333 0.073148
