1 0.037500 0.326852 0.072917 0.083333
1 0.097135 0.314352 0.052604 0.069444
1 0.136458 0.348148 0.062500 0.083333
1 0.213021 0.411111 0.117708 0.107407
1 0.218490 0.655093 0.309896 0.369444
1 0.713281 0.531944 0.166146 0.178704
1 0.564844 0.391667 0.085938 0.085185
1 0.460156 0.396296 0.095312 0.109259
1 0.347135 0.363426 0.067187 0.065741
1 0.377865 0.349537 0.043229 0.054630
1 0.308594 0.318056 0.043229 0.047222
1 0.957031 0.451389 0.085938 0.089815
1 0.607031 0.335185 0.053646 0.051852
1 0.657813 0.330556 0.042708 0.061111
1 0.869792 0.343519 0.039583 0.046296
1 0.242578 0.324306 0.042969 0.048611
1 0.263281 0.336806 0.045313 0.045833
1 0.537109 0.354167 0.049219 0.086111
1 0.590625 0.458333 0.123438 0.111111
1 0.769531 0.354861 0.037500 0.048611
1 0.789063 0.395833 0.079687 0.069444
1 0.931641 0.385417 0.060156 0.054167
1 0.956250 0.374306 0.050000 0.056944
