0 0.112240 0.624074 0.172396 0.268519
0 0.235677 0.504167 0.046354 0.113889
0 0.296875 0.505556 0.052083 0.107407
1 0.171094 0.498611 0.191146 0.160185
1 0.121354 0.448611 0.104167 0.108333
1 0.153385 0.422222 0.085938 0.081481
1 0.125521 0.394444 0.054167 0.072222
1 0.240104 0.412037 0.046875 0.037037
1 0.263021 0.398148 0.040625 0.048148
1 0.343750 0.399074 0.041667 0.042593
1 0.364323 0.421759 0.047396 0.063889
1 0.388281 0.408796 0.065104 0.062037
1 0.437760 0.452315 0.088021 0.082407
1 0.540625 0.406944 0.051042 0.062037
1 0.577344 0.474537 0.144271 0.119444
1 0.845573 0.615278 0.308854 0.297222
1 0.956250 0.529630 0.087500 0.237037
1 0.785677 0.433333 0.120313 0.148148
1 0.672396 0.430093 0.078125 0.062037
1 0.430990 0.401389 0.072396 0.073148
