1 0.075000 0.436574 0.053125 0.049074
1 0.139063 0.502315 0.101042 0.115741
1 0.202083 0.447222 0.081250 0.112963
1 0.335417 0.433333 0.059375 0.070370
1 0.379427 0.455093 0.065104 0.069444
1 0.424479 0.481481 0.086458 0.105556
1 0.526823 0.448148 0.063021 0.059259
1 0.565104 0.466204 0.067708 0.067593
1 0.629427 0.519907 0.133854 0.160185
1 0.710677 0.439352 0.047396 0.047222
1 0.827865 0.481481 0.110937 0.088889
1 0.834635 0.437037 0.122396 0.090741
0 0.299740 0.421759 0.009896 0.058333
0 0.289062 0.426852 0.010417 0.055556
0 0.565625 0.520370 0.033333 0.114815
0 0.982292 0.496296 0.035417 0.090741
