1 0.026823 0.388889 0.049479 0.062963
1 0.070312 0.414815 0.062500 0.075926
1 0.151302 0.469444 0.122396 0.101852
1 0.154167 0.733796 0.297917 0.399074
1 0.289583 0.409259 0.066667 0.070370
1 0.319531 0.393519 0.046354 0.053704
1 0.405208 0.430556 0.091667 0.122222
1 0.506771 0.419444 0.084375 0.085185
1 0.536198 0.485648 0.111979 0.113889
1 0.658073 0.540278 0.158854 0.167593
1 0.551042 0.360185 0.048958 0.050000
1 0.600521 0.351852 0.041667 0.046296
1 0.727083 0.409722 0.069792 0.065741
1 0.802865 0.350000 0.039062 0.048148
1 0.864583 0.381019 0.042708 0.045370
1 0.965885 0.366667 0.048438 0.046296
1 0.950521 0.419444 0.082292 0.090741
1 0.884896 0.445370 0.091667 0.092593
0 0.296094 0.438194 0.029687 0.073611
0 0.332031 0.434722 0.029687 0.080556
0 0.192969 0.412500 0.023438 0.097222
0 0.551562 0.547917 0.039063 0.090278
0 0.577344 0.531944 0.034375 0.086111
0 0.616797 0.433333 0.028906 0.091667
