1 0.315885 0.629630 0.276562 0.379630
1 0.125000 0.491204 0.120833 0.117593
1 0.052865 0.448611 0.073438 0.082407
1 0.088281 0.446759 0.057813 0.063889
1 0.141667 0.434259 0.050000 0.057407
1 0.173177 0.431944 0.042188 0.054630
1 0.204948 0.432407 0.039062 0.042593
1 0.227604 0.448611 0.069792 0.052778
1 0.278646 0.419444 0.043750 0.044444
1 0.314323 0.432870 0.069271 0.056481
1 0.476562 0.447685 0.077083 0.119444
1 0.453125 0.434722 0.052083 0.067593
1 0.565625 0.481481 0.111458 0.101852
1 0.581771 0.430093 0.053125 0.058333
1 0.652083 0.415741 0.050000 0.059259
1 0.750000 0.509259 0.139583 0.114815
1 0.720313 0.427778 0.050000 0.046296
1 0.747656 0.432407 0.064062 0.050000
1 0.826042 0.417593 0.059375 0.055556
1 0.941406 0.459722 0.117188 0.113889
1 0.910417 0.428241 0.079167 0.073148
