1 0.869271 0.633796 0.261458 0.287963
1 0.571354 0.489352 0.130208 0.121296
1 0.738802 0.452315 0.115104 0.128704
1 0.167448 0.514352 0.190104 0.163889
1 0.083854 0.455093 0.115625 0.084259
1 0.094271 0.437500 0.082292 0.073148
1 0.054167 0.400463 0.073958 0.067593
1 0.044010 0.659722 0.086979 0.336111
1 0.412240 0.468519 0.095312 0.096296
1 0.317708 0.441667 0.045833 0.061111
1 0.341927 0.423611 0.064062 0.056481
1 0.305208 0.416667 0.035417 0.038889
1 0.280990 0.407870 0.036979 0.036111
1 0.180208 0.421296 0.053125 0.055556
1 0.201302 0.408333 0.039062 0.048148
1 0.487500 0.419444 0.046875 0.051852
1 0.541146 0.423611 0.067708 0.071296
1 0.629427 0.445833 0.066146 0.062037
1 0.821615 0.430093 0.064062 0.065741
1 0.929688 0.599074 0.140625 0.275926
0 0.181510 0.648148 0.150521 0.262963
0 0.236458 0.527778 0.054167 0.133333
0 0.292187 0.528241 0.077083 0.115741
