1 0.890625 0.662963 0.218750 0.183333
1 0.825000 0.576389 0.098958 0.112037
1 0.496094 0.783796 0.342187 0.341667
1 0.100260 0.631481 0.140104 0.190741
1 0.045052 0.567130 0.089063 0.147222
1 0.174219 0.559259 0.067187 0.096296
1 0.089844 0.540278 0.056771 0.115741
1 0.296094 0.544907 0.060937 0.067593
1 0.321094 0.540741 0.034896 0.040741
1 0.465625 0.559722 0.078125 0.073148
1 0.435417 0.536574 0.051042 0.062037
1 0.473698 0.540741 0.063021 0.051852
1 0.497656 0.527778 0.039062 0.059259
1 0.523177 0.540278 0.064062 0.058333
1 0.570312 0.584722 0.080208 0.104630
1 0.629427 0.514815 0.064062 0.053704
1 0.745573 0.530556 0.066146 0.081481
1 0.934896 0.528704 0.054167 0.050000
1 0.990885 0.556481 0.018229 0.062963
