1 0.027604 0.491204 0.052083 0.062037
1 0.295312 0.475463 0.053125 0.078704
1 0.378385 0.547685 0.099479 0.078704
1 0.408333 0.467593 0.035417 0.042593
1 0.429948 0.457870 0.032813 0.036111
1 0.508333 0.503704 0.065625 0.062963
1 0.537240 0.666667 0.202604 0.214815
1 0.740625 0.566667 0.106250 0.112963
1 0.808073 0.539815 0.075521 0.090741
1 0.950781 0.628241 0.098437 0.167593
1 0.882552 0.491204 0.123438 0.102778
1 0.715625 0.479167 0.065625 0.058333
1 0.606510 0.455556 0.040104 0.046296
1 0.499219 0.453472 0.042188 0.056944
