1 0.968750 0.537037 0.062500 0.059259
1 0.883594 0.521759 0.044271 0.052778
1 0.886198 0.550463 0.069271 0.071296
1 0.811458 0.519444 0.056250 0.048148
1 0.780990 0.650463 0.227604 0.165741
1 0.701562 0.568056 0.104167 0.089815
1 0.526823 0.501852 0.065104 0.053704
1 0.465104 0.571759 0.084375 0.110185
1 0.366406 0.766667 0.345313 0.372222
1 0.360156 0.548611 0.065104 0.067593
1 0.370833 0.526389 0.047917 0.058333
1 0.395833 0.510185 0.047917 0.066667
1 0.328646 0.518056 0.050000 0.060185
1 0.184115 0.531481 0.056771 0.062963
1 0.207031 0.511111 0.049479 0.057407
1 0.058333 0.532407 0.073958 0.081481
1 0.026302 0.604630 0.051562 0.151852
0 0.137109 0.508333 0.028906 0.077778
0 0.525781 0.587500 0.040625 0.083333
