1 0.094531 0.721759 0.188021 0.204630
1 0.630208 0.781481 0.320833 0.437037
1 0.552865 0.630093 0.143229 0.117593
1 0.853125 0.568519 0.133333 0.098148
1 0.386198 0.594444 0.119271 0.107407
1 0.052083 0.610648 0.103125 0.099074
1 0.242188 0.569907 0.070833 0.063889
1 0.175000 0.550000 0.046875 0.046296
1 0.313021 0.552778 0.053125 0.059259
1 0.344792 0.543981 0.052083 0.054630
1 0.390885 0.531481 0.046354 0.048148
1 0.422917 0.525000 0.036458 0.046296
1 0.445052 0.525926 0.038021 0.033333
1 0.467969 0.541204 0.055729 0.056481
1 0.490365 0.510185 0.041146 0.044444
1 0.516927 0.509259 0.033854 0.038889
1 0.549479 0.518981 0.057292 0.054630
1 0.696875 0.504630 0.048958 0.075926
1 0.738281 0.534722 0.085938 0.108333
1 0.132292 0.531481 0.047917 0.055556
1 0.089844 0.553704 0.054688 0.064815
1 0.845573 0.497685 0.057813 0.054630
1 0.923698 0.470833 0.064062 0.058333
