1 0.057813 0.412500 0.082292 0.093519
1 0.121354 0.378241 0.071875 0.067593
1 0.188021 0.353704 0.061458 0.062963
1 0.267448 0.307870 0.043229 0.041667
1 0.139583 0.322685 0.050000 0.037963
1 0.036979 0.350000 0.044792 0.048148
1 0.459896 0.309722 0.051042 0.067593
1 0.598437 0.275463 0.036458 0.037963
1 0.576042 0.284259 0.037500 0.037037
1 0.580990 0.331481 0.079687 0.068519
1 0.583854 0.389352 0.120833 0.084259
1 0.714844 0.314352 0.052604 0.058333
1 0.670052 0.253241 0.040104 0.041667
1 0.795833 0.250463 0.037500 0.045370
1 0.956250 0.268981 0.087500 0.078704
1 0.865625 0.582407 0.268750 0.372222
