1 0.023438 0.583796 0.043750 0.082407
1 0.129948 0.667593 0.121354 0.105556
1 0.301823 0.785185 0.216146 0.251852
1 0.159375 0.570833 0.037500 0.039815
1 0.187500 0.558796 0.035417 0.032407
1 0.280469 0.599074 0.057813 0.064815
1 0.380729 0.546759 0.036458 0.043519
1 0.491927 0.568981 0.071354 0.060185
1 0.510156 0.649537 0.094271 0.100926
1 0.571354 0.618519 0.064583 0.094444
1 0.638021 0.575000 0.105208 0.088889
1 0.831250 0.622222 0.115625 0.159259
1 0.923438 0.743056 0.153125 0.275000
1 0.705469 0.712963 0.140104 0.166667
