1 0.051042 0.280093 0.077083 0.082407
1 0.143490 0.329167 0.125521 0.104630
1 0.216927 0.563889 0.289062 0.372222
1 0.217708 0.216667 0.052083 0.061111
1 0.272656 0.258796 0.073438 0.076852
1 0.392969 0.281019 0.095312 0.108333
1 0.493750 0.262037 0.092708 0.087037
1 0.535677 0.335648 0.115104 0.125000
1 0.646094 0.378704 0.159896 0.166667
1 0.703125 0.236111 0.065625 0.070370
1 0.580469 0.188426 0.053646 0.063889
1 0.773438 0.170370 0.050000 0.055556
1 0.852083 0.267130 0.091667 0.104630
1 0.919010 0.238889 0.075521 0.085185
1 0.930990 0.177315 0.060937 0.058333
0 0.650781 0.268750 0.034375 0.104167
