1 0.327865 0.760185 0.463021 0.479630
1 0.046875 0.591204 0.092708 0.195370
1 0.027865 0.478241 0.054688 0.076852
1 0.073698 0.459722 0.065104 0.075000
1 0.050781 0.451389 0.073438 0.126852
1 0.126823 0.478241 0.065104 0.073148
1 0.172396 0.501389 0.104167 0.104630
1 0.269531 0.455093 0.070312 0.065741
1 0.329688 0.474537 0.106250 0.080556
1 0.375521 0.463889 0.051042 0.075926
1 0.650000 0.514352 0.155208 0.202778
1 0.597396 0.470370 0.078125 0.138889
1 0.822917 0.576852 0.211458 0.177778
1 0.860156 0.474537 0.099479 0.084259
1 0.978385 0.446296 0.043229 0.103704
1 0.532031 0.449537 0.059896 0.065741
