1 0.182552 0.750463 0.364063 0.339815
1 0.066406 0.603704 0.131771 0.231481
1 0.238802 0.479167 0.068229 0.063889
1 0.294271 0.446759 0.068750 0.063889
1 0.357292 0.519907 0.113542 0.106481
1 0.364323 0.462037 0.078646 0.087037
1 0.494531 0.494907 0.101562 0.102778
1 0.554167 0.480556 0.078125 0.085185
1 0.631771 0.589352 0.219792 0.191667
1 0.642188 0.463426 0.076042 0.076852
1 0.670312 0.434259 0.064583 0.111111
1 0.694271 0.454630 0.069792 0.098148
1 0.751042 0.464352 0.075000 0.075000
1 0.800000 0.496296 0.101042 0.096296
1 0.889583 0.442130 0.073958 0.069444
1 0.952865 0.468981 0.094271 0.100926
1 0.916667 0.664815 0.166667 0.225926
1 0.907813 0.804630 0.184375 0.390741
