1 0.161458 0.685185 0.300000 0.401852
1 0.661979 0.519444 0.163542 0.166667
1 0.889062 0.427315 0.091667 0.100926
1 0.958854 0.403704 0.078125 0.092593
1 0.809115 0.327778 0.038021 0.044444
1 0.607552 0.325000 0.039062 0.044444
1 0.556510 0.326389 0.050521 0.058333
1 0.030078 0.338889 0.057031 0.069444
1 0.074219 0.371528 0.060938 0.081944
1 0.185547 0.336806 0.041406 0.048611
1 0.208203 0.349306 0.049219 0.051389
1 0.250391 0.325000 0.049219 0.058333
1 0.152734 0.431250 0.127344 0.106944
1 0.360547 0.343750 0.044531 0.045833
1 0.323828 0.354167 0.052344 0.052778
1 0.296875 0.371528 0.075000 0.068056
1 0.411719 0.390972 0.098438 0.109722
1 0.514453 0.392361 0.085156 0.087500
1 0.541016 0.455556 0.116406 0.122222
1 0.713281 0.341667 0.037500 0.050000
1 0.681641 0.340972 0.058594 0.062500
1 0.732422 0.381250 0.069531 0.065278
1 0.968359 0.346528 0.052344 0.048611
