1 0.029427 0.468056 0.057813 0.050926
1 0.154167 0.468519 0.079167 0.088889
1 0.350521 0.485648 0.073958 0.069444
1 0.482812 0.511574 0.092708 0.097222
1 0.551042 0.457870 0.066667 0.108333
1 0.689063 0.441204 0.064583 0.073148
1 0.731510 0.462963 0.076563 0.081481
1 0.777865 0.491204 0.097396 0.113889
1 0.912240 0.455556 0.067187 0.075926
1 0.936979 0.431019 0.067708 0.086111
1 0.959896 0.477778 0.080208 0.087037
1 0.444792 0.452315 0.032292 0.039815
1 0.220052 0.471296 0.045312 0.064815
0 0.466667 0.440741 0.026042 0.055556
0 0.954688 0.529630 0.035417 0.101852
0 0.642969 0.436574 0.015104 0.058333
1 0.291146 0.458333 0.053125 0.048148
