1 0.866146 0.627778 0.267708 0.307407
1 0.126823 0.404167 0.060937 0.075000
1 0.162240 0.421296 0.070312 0.090741
1 0.123698 0.440741 0.091146 0.098148
1 0.185938 0.493981 0.187500 0.169444
1 0.242188 0.407407 0.046875 0.046296
1 0.266667 0.397222 0.039583 0.053704
1 0.342708 0.397222 0.045833 0.046296
1 0.367708 0.427315 0.052083 0.063889
1 0.391927 0.412037 0.068229 0.059259
1 0.450000 0.453241 0.095833 0.080556
1 0.434375 0.400463 0.048958 0.063889
1 0.541667 0.411111 0.046875 0.053704
1 0.591927 0.412963 0.089063 0.092593
1 0.594531 0.481019 0.143229 0.121296
1 0.676042 0.435648 0.079167 0.076852
1 0.790885 0.437037 0.119271 0.129630
1 0.950781 0.480093 0.098437 0.165741
0 0.153385 0.636574 0.194271 0.297222
0 0.255990 0.504167 0.043229 0.121296
0 0.313802 0.510185 0.057813 0.101852
