1 0.030469 0.412500 0.056771 0.069444
1 0.187240 0.435648 0.086979 0.089815
1 0.245833 0.407870 0.077083 0.078704
1 0.311719 0.387963 0.060937 0.066667
1 0.576562 0.358796 0.055208 0.078704
1 0.698958 0.447685 0.133333 0.099074
1 0.843229 0.377315 0.069792 0.065741
1 0.718750 0.332870 0.050000 0.037963
1 0.927865 0.318519 0.043229 0.051852
1 0.110417 0.350000 0.041667 0.050000
1 0.265234 0.356250 0.044531 0.045833
1 0.388672 0.344444 0.041406 0.050000
1 0.620313 0.330556 0.028125 0.041667
1 0.667188 0.374306 0.057813 0.073611
1 0.698828 0.392361 0.091406 0.076389
1 0.791797 0.317361 0.046094 0.059722
