1 0.198437 0.689815 0.290625 0.375926
1 0.044010 0.543981 0.086979 0.108333
1 0.027344 0.478704 0.053646 0.046296
1 0.064844 0.475463 0.054688 0.063889
1 0.097917 0.476852 0.042708 0.042593
1 0.121875 0.496759 0.061458 0.049074
1 0.180469 0.467593 0.040104 0.037037
1 0.209115 0.478704 0.060937 0.050000
1 0.356250 0.475463 0.046875 0.071296
1 0.375260 0.499537 0.069271 0.104630
1 0.461198 0.524074 0.116146 0.090741
1 0.484375 0.476389 0.046875 0.054630
1 0.548438 0.459259 0.051042 0.057407
1 0.614844 0.465741 0.043229 0.040741
1 0.644271 0.476389 0.052083 0.054630
1 0.644271 0.554167 0.134375 0.113889
1 0.722396 0.462037 0.056250 0.048148
1 0.804948 0.469907 0.063021 0.060185
1 0.838542 0.501852 0.121875 0.100000
