1 0.202865 0.629630 0.401562 0.318519
1 0.882812 0.723611 0.234375 0.552778
1 0.918750 0.581481 0.162500 0.229630
1 0.656771 0.504630 0.201042 0.179630
1 0.079948 0.493056 0.158854 0.156481
1 0.278646 0.395833 0.082292 0.069444
1 0.394792 0.440278 0.121875 0.115741
1 0.399740 0.376389 0.094271 0.076852
1 0.526042 0.420370 0.102083 0.103704
1 0.578646 0.399074 0.096875 0.100000
1 0.675521 0.396296 0.076042 0.090741
1 0.727865 0.387500 0.071354 0.076852
1 0.780469 0.389815 0.064062 0.061111
1 0.822135 0.427315 0.091146 0.082407
1 0.923438 0.379167 0.079167 0.071296
1 0.966406 0.401852 0.067187 0.094444
