1 0.721615 0.541204 0.322396 0.328704
1 0.868490 0.329167 0.121354 0.126852
1 0.930729 0.293981 0.080208 0.100926
1 0.950000 0.216667 0.098958 0.137037
1 0.759375 0.236574 0.064583 0.069444
1 0.619792 0.229630 0.039583 0.042593
1 0.546094 0.289815 0.058854 0.061111
1 0.519792 0.268981 0.042708 0.047222
1 0.504948 0.231019 0.033854 0.039815
1 0.435677 0.254630 0.036979 0.038889
1 0.414062 0.263889 0.042708 0.037037
1 0.414583 0.316204 0.083333 0.078704
1 0.420573 0.364815 0.110937 0.100000
1 0.296094 0.285648 0.044271 0.073148
1 0.083594 0.290278 0.046875 0.055556
1 0.119922 0.276389 0.036719 0.055556
1 0.664453 0.231250 0.046094 0.048611
