1 0.484635 0.600926 0.401562 0.318519
1 0.017969 0.375926 0.034896 0.050000
1 0.046875 0.362037 0.051042 0.040741
1 0.132031 0.393519 0.063021 0.064815
1 0.184635 0.424074 0.111979 0.085185
1 0.315365 0.453241 0.143229 0.134259
1 0.466146 0.404167 0.080208 0.063889
1 0.560156 0.399537 0.098437 0.119444
1 0.602344 0.394444 0.068229 0.055556
1 0.688802 0.487963 0.134896 0.127778
1 0.751302 0.441667 0.111979 0.100000
1 0.961979 0.414815 0.076042 0.100000
1 0.826562 0.401852 0.060417 0.051852
1 0.673958 0.397222 0.055208 0.053704
1 0.386979 0.375000 0.106250 0.090741
1 0.191146 0.384722 0.085417 0.067593
1 0.142969 0.374074 0.075521 0.057407
