1 0.054167 0.411111 0.067708 0.072222
1 0.136979 0.478241 0.122917 0.100926
1 0.157031 0.740278 0.294271 0.384259
1 0.166927 0.374074 0.032813 0.037037
1 0.191667 0.387500 0.047917 0.043519
1 0.235417 0.361111 0.042708 0.046296
1 0.281510 0.402778 0.060937 0.062963
1 0.310937 0.385185 0.043750 0.053704
1 0.397656 0.422222 0.097396 0.100000
1 0.500260 0.408333 0.084896 0.085185
1 0.527865 0.481944 0.106771 0.123148
1 0.646875 0.541667 0.156250 0.183333
1 0.540625 0.344444 0.053125 0.055556
1 0.589844 0.336111 0.041146 0.053704
1 0.714063 0.388426 0.068750 0.065741
1 0.790625 0.330093 0.037500 0.043519
1 0.869271 0.424537 0.082292 0.095370
1 0.938021 0.401389 0.075000 0.082407
1 0.950260 0.344444 0.047396 0.037037
1 0.852344 0.360648 0.040104 0.043519
