1 0.112240 0.820370 0.219271 0.359259
1 0.056771 0.548611 0.109375 0.113889
1 0.101042 0.447685 0.050000 0.049074
1 0.194792 0.464352 0.075000 0.065741
1 0.223698 0.446296 0.050521 0.061111
1 0.315625 0.487037 0.098958 0.105556
1 0.422396 0.474074 0.082292 0.085185
1 0.452604 0.548611 0.107292 0.113889
1 0.570052 0.606944 0.160938 0.162037
1 0.467448 0.402778 0.050521 0.046296
1 0.512760 0.391204 0.040104 0.049074
1 0.633073 0.449074 0.059896 0.061111
1 0.782292 0.490278 0.080208 0.089815
1 0.841927 0.461574 0.073438 0.080556
1 0.908594 0.443981 0.066146 0.073148
1 0.704948 0.385185 0.029687 0.038889
1 0.732812 0.408333 0.030208 0.035185
1 0.852865 0.397685 0.043229 0.045370
