1 0.131510 0.268981 0.053646 0.078704
1 0.229948 0.275000 0.063021 0.072222
1 0.263281 0.292130 0.083854 0.071296
1 0.266667 0.347222 0.125000 0.092593
1 0.260937 0.243519 0.036458 0.044444
1 0.282031 0.228704 0.038021 0.035185
1 0.354948 0.212500 0.040104 0.045370
1 0.371615 0.243519 0.042188 0.053704
1 0.395833 0.268056 0.058333 0.054630
1 0.471094 0.206019 0.035937 0.043519
1 0.604948 0.213426 0.056771 0.063889
1 0.792969 0.193056 0.122396 0.121296
1 0.748958 0.264815 0.075000 0.081481
1 0.696354 0.297685 0.107292 0.113889
1 0.559635 0.503241 0.297396 0.308333
