1 0.072396 0.520833 0.067708 0.069444
1 0.094792 0.513889 0.046875 0.051852
1 0.267188 0.762963 0.361458 0.357407
1 0.226562 0.506481 0.047917 0.062963
1 0.257031 0.540278 0.067187 0.062037
1 0.273177 0.514815 0.060937 0.057407
1 0.321615 0.517130 0.059896 0.054630
1 0.377865 0.563426 0.100521 0.123148
1 0.427865 0.498611 0.064062 0.049074
1 0.671875 0.639352 0.229167 0.163889
1 0.599740 0.559722 0.101562 0.108333
1 0.772396 0.542130 0.060417 0.062037
1 0.707812 0.518519 0.044792 0.050000
1 0.772396 0.523611 0.043750 0.075000
1 0.849219 0.531481 0.060937 0.055556
1 0.884115 0.527778 0.054688 0.055556
1 0.933333 0.590278 0.133333 0.112037
1 0.941667 0.531481 0.056250 0.059259
1 0.977344 0.517130 0.045312 0.058333
1 0.958854 0.507407 0.045833 0.081481
