1 0.155208 0.776389 0.309375 0.376852
1 0.095312 0.504630 0.052083 0.059259
1 0.129427 0.542130 0.072396 0.080556
1 0.145573 0.519907 0.057813 0.060185
1 0.198437 0.520833 0.056250 0.050926
1 0.248177 0.563426 0.091146 0.130556
1 0.315365 0.494907 0.060937 0.056481
1 0.552083 0.629167 0.218750 0.169444
1 0.488021 0.554630 0.090625 0.087037
1 0.645833 0.532407 0.061458 0.068519
1 0.650781 0.510185 0.049479 0.055556
1 0.721354 0.523611 0.060417 0.060185
1 0.754167 0.516204 0.051042 0.060185
1 0.795573 0.575463 0.118229 0.117593
1 0.803646 0.521759 0.056250 0.071296
1 0.834115 0.512037 0.047396 0.055556
1 0.818490 0.496759 0.048438 0.078704
1 0.864583 0.517593 0.041667 0.051852
1 0.895052 0.531481 0.067187 0.062963
1 0.949740 0.502778 0.046354 0.051852
1 0.976302 0.520833 0.047396 0.062037
1 0.926823 0.782407 0.146354 0.418519
