0 0.052865 0.675000 0.101562 0.242593
0 0.058854 0.449537 0.025000 0.123148
1 0.037500 0.489815 0.073958 0.096296
1 0.052344 0.438889 0.059896 0.059259
1 0.131510 0.438889 0.085938 0.083333
1 0.224740 0.504630 0.135937 0.129630
1 0.358854 0.462963 0.110417 0.096296
1 0.313802 0.444444 0.048438 0.051852
1 0.594271 0.604167 0.236458 0.208333
1 0.527083 0.494907 0.078125 0.099074
1 0.566667 0.531019 0.115625 0.113889
1 0.774479 0.499074 0.082292 0.090741
1 0.988802 0.475463 0.022396 0.102778
1 0.673438 0.451389 0.106250 0.104630
1 0.517188 0.454630 0.056250 0.051852
1 0.208073 0.439352 0.058854 0.069444
