1 0.058333 0.543981 0.111458 0.106481
1 0.109635 0.817593 0.218229 0.364815
1 0.107813 0.449074 0.052083 0.051852
1 0.154427 0.421296 0.047396 0.046296
1 0.200000 0.468056 0.066667 0.075000
1 0.228125 0.452778 0.051042 0.064815
1 0.321094 0.497685 0.101562 0.112037
1 0.425260 0.489815 0.082812 0.083333
1 0.453125 0.566204 0.113542 0.123148
1 0.572135 0.623148 0.161979 0.161111
1 0.467969 0.416204 0.051562 0.045370
1 0.514844 0.406019 0.039062 0.049074
1 0.639062 0.470370 0.062500 0.062963
1 0.737240 0.428241 0.030729 0.037963
1 0.788542 0.512037 0.081250 0.088889
1 0.848698 0.485185 0.074479 0.081481
1 0.914583 0.466667 0.069792 0.072222
1 0.860156 0.425926 0.049479 0.037037
