1 0.116146 0.637500 0.231250 0.423148
1 0.029427 0.372222 0.057813 0.057407
1 0.076042 0.370370 0.081250 0.103704
1 0.148438 0.396296 0.080208 0.075926
1 0.241146 0.398148 0.109375 0.125926
1 0.338021 0.485185 0.156250 0.140741
1 0.434375 0.430093 0.109375 0.100926
1 0.328646 0.379630 0.054167 0.050000
1 0.390885 0.387037 0.053646 0.051852
1 0.535937 0.389815 0.052083 0.050000
1 0.336198 0.366667 0.047396 0.046296
1 0.669010 0.402778 0.117188 0.096296
1 0.716146 0.453241 0.104167 0.108333
1 0.944792 0.553704 0.110417 0.366667
0 0.595703 0.395139 0.025781 0.109722
