1 0.098437 0.640741 0.195833 0.177778
1 0.029948 0.582407 0.058854 0.135185
1 0.198698 0.530093 0.068229 0.073148
1 0.128646 0.509259 0.050000 0.050000
1 0.199479 0.509722 0.045833 0.069444
1 0.272135 0.517130 0.056771 0.054630
1 0.308073 0.517130 0.040104 0.063889
1 0.340885 0.559259 0.109896 0.100000
1 0.353385 0.508333 0.045312 0.066667
1 0.373177 0.491204 0.041146 0.067593
1 0.405990 0.503704 0.027604 0.048148
1 0.430208 0.519907 0.053125 0.052778
1 0.474479 0.491667 0.031250 0.035185
1 0.506250 0.498611 0.050000 0.043519
1 0.517969 0.708796 0.266146 0.360185
1 0.669792 0.523611 0.081250 0.117593
1 0.759635 0.557407 0.114062 0.096296
1 0.645833 0.498611 0.053125 0.071296
1 0.782813 0.501389 0.048958 0.037963
1 0.726042 0.490741 0.057292 0.051852
1 0.855729 0.485648 0.050000 0.069444
1 0.929167 0.497222 0.051042 0.046296
1 0.968490 0.506481 0.063021 0.044444
1 0.947396 0.589352 0.105208 0.149074
1 0.978385 0.491204 0.043229 0.071296
