0 0.650521 0.517130 0.032292 0.113889
0 0.378385 0.431019 0.011979 0.058333
0 0.391146 0.425926 0.010417 0.057407
1 0.069792 0.469907 0.085417 0.089815
1 0.226562 0.500000 0.104167 0.100000
1 0.288281 0.444907 0.079687 0.102778
1 0.421875 0.438426 0.060417 0.071296
1 0.462240 0.455093 0.065104 0.076852
1 0.505990 0.479630 0.080729 0.101852
1 0.612240 0.450000 0.051562 0.068519
1 0.652865 0.468519 0.063021 0.079630
1 0.726042 0.529167 0.151042 0.173148
1 0.809115 0.437037 0.047396 0.048148
1 0.935937 0.485185 0.128125 0.109259
1 0.932292 0.440741 0.135417 0.094444
1 0.177604 0.436574 0.052083 0.063889
1 0.650260 0.418981 0.085938 0.073148
