0 0.077865 0.468519 0.013021 0.055556
0 0.721615 0.443519 0.011979 0.061111
0 0.731510 0.431944 0.013021 0.056481
1 0.110417 0.468056 0.053125 0.058333
1 0.044271 0.528241 0.086458 0.073148
1 0.222135 0.474074 0.066146 0.092593
1 0.414844 0.486111 0.068229 0.068519
1 0.537760 0.525000 0.094271 0.100000
1 0.613542 0.470833 0.077083 0.106481
1 0.766146 0.450463 0.085417 0.078704
1 0.807813 0.471759 0.088542 0.082407
1 0.847396 0.506481 0.104167 0.124074
1 0.047135 0.499537 0.090104 0.080556
1 0.298177 0.471296 0.043229 0.051852
1 0.364323 0.462037 0.052604 0.055556
1 0.985938 0.458333 0.028125 0.083333
