0 0.470313 0.437500 0.023958 0.080556
0 0.842969 0.406944 0.029687 0.078704
0 0.862760 0.424074 0.036979 0.083333
0 0.192448 0.356944 0.018229 0.060185
1 0.046875 0.438889 0.092708 0.118519
1 0.094010 0.382407 0.076563 0.114815
1 0.230208 0.371296 0.064583 0.072222
1 0.281510 0.391667 0.073438 0.077778
1 0.328385 0.414352 0.085938 0.100926
1 0.426563 0.384722 0.051042 0.060185
1 0.465365 0.398611 0.060937 0.067593
1 0.534115 0.445370 0.122396 0.146296
1 0.708594 0.405556 0.109896 0.094444
1 0.935937 0.423611 0.128125 0.195370
1 0.710417 0.363426 0.108333 0.082407
1 0.598047 0.366667 0.041406 0.050000
