1 0.044010 0.739815 0.086979 0.433333
1 0.065365 0.423611 0.046354 0.056481
1 0.105208 0.434259 0.078125 0.085185
1 0.169010 0.460185 0.078646 0.079630
1 0.255469 0.461111 0.114062 0.131481
1 0.304688 0.559722 0.176042 0.154630
1 0.371875 0.437963 0.060417 0.053704
1 0.446094 0.495833 0.120313 0.108333
1 0.427865 0.445370 0.059896 0.053704
1 0.383333 0.425463 0.044792 0.052778
1 0.576823 0.446759 0.060937 0.056481
1 0.462500 0.433333 0.055208 0.051852
1 0.706510 0.461574 0.122396 0.117593
1 0.738281 0.514352 0.116146 0.117593
1 0.951823 0.700463 0.096354 0.400926
0 0.666406 0.459028 0.034375 0.120833
0 0.314844 0.464583 0.032812 0.070833
