1 0.051042 0.607407 0.101042 0.127778
1 0.139583 0.520833 0.078125 0.054630
1 0.017448 0.545370 0.033854 0.048148
1 0.395833 0.637500 0.214583 0.175000
1 0.330469 0.577778 0.093229 0.105556
1 0.491406 0.542130 0.063021 0.054630
1 0.432031 0.519444 0.044271 0.048148
1 0.458594 0.505556 0.039062 0.050000
1 0.496094 0.515741 0.040104 0.055556
1 0.559375 0.526852 0.052083 0.057407
1 0.590365 0.521296 0.038021 0.055556
1 0.626563 0.574074 0.101042 0.105556
1 0.632812 0.525463 0.051042 0.071296
1 0.648698 0.505093 0.032813 0.065741
1 0.688802 0.513889 0.036979 0.038889
1 0.713802 0.528704 0.060937 0.050000
1 0.763281 0.500926 0.035937 0.044444
1 0.795052 0.516204 0.065104 0.050926
1 0.821615 0.734259 0.296354 0.411111
1 0.796875 0.607870 0.159375 0.123148
1 0.970833 0.534259 0.058333 0.131481
1 0.957031 0.516204 0.065104 0.078704
