0 0.973958 0.481481 0.052083 0.148148
1 0.415104 0.707407 0.443750 0.337037
1 0.305469 0.554630 0.180729 0.175926
1 0.173177 0.467593 0.113021 0.133333
1 0.516927 0.442130 0.070312 0.073148
1 0.629948 0.484722 0.117188 0.115741
1 0.898698 0.553704 0.202604 0.177778
1 0.767969 0.455556 0.104688 0.100000
1 0.833073 0.450000 0.086979 0.096296
1 0.919792 0.434259 0.086458 0.096296
1 0.638802 0.423611 0.080729 0.078704
1 0.371354 0.443981 0.111458 0.108333
1 0.969792 0.423611 0.060417 0.086111
1 0.954688 0.400463 0.069792 0.121296
1 0.901823 0.403241 0.059896 0.076852
