1 0.354948 0.696296 0.404687 0.316667
1 0.106510 0.486111 0.116146 0.116667
1 0.229948 0.566204 0.171354 0.167593
1 0.435417 0.456944 0.070833 0.080556
1 0.491927 0.430093 0.057813 0.069444
1 0.562500 0.431019 0.075000 0.067593
1 0.555469 0.496759 0.119271 0.113889
1 0.689844 0.467593 0.108854 0.098148
1 0.750521 0.454167 0.084375 0.086111
1 0.826562 0.562963 0.218750 0.188889
1 0.838021 0.436574 0.079167 0.075000
1 0.890625 0.422222 0.076042 0.088889
1 0.950781 0.433333 0.074479 0.083333
1 0.971354 0.464815 0.057292 0.107407
