1 0.279687 0.796759 0.356250 0.328704
1 0.076302 0.559722 0.068229 0.062037
1 0.103385 0.543981 0.040104 0.047222
1 0.233594 0.540278 0.046354 0.058333
1 0.263281 0.570833 0.067187 0.065741
1 0.277083 0.544907 0.048958 0.052778
1 0.331771 0.547222 0.052083 0.051852
1 0.305208 0.540278 0.051042 0.084259
1 0.377344 0.590278 0.080729 0.119444
1 0.440885 0.519907 0.064062 0.049074
1 0.544271 0.533333 0.073958 0.094444
1 0.683854 0.645370 0.219792 0.172222
1 0.617188 0.572685 0.106250 0.108333
1 0.711458 0.527778 0.047917 0.051852
1 0.780990 0.548611 0.065104 0.075000
1 0.855729 0.537500 0.056250 0.060185
1 0.894531 0.540278 0.044271 0.073148
1 0.937240 0.593981 0.123438 0.119444
1 0.942187 0.536111 0.057292 0.057407
1 0.971354 0.515278 0.057292 0.076852
1 0.928646 0.514815 0.032292 0.050000
0 0.017969 0.593056 0.034896 0.145370
