1 0.965885 0.555556 0.068229 0.068519
1 0.969792 0.530556 0.054167 0.077778
1 0.859635 0.655556 0.242188 0.185185
1 0.780990 0.568981 0.095312 0.119444
1 0.893229 0.524537 0.051042 0.058333
1 0.924219 0.504167 0.047396 0.060185
1 0.450260 0.758796 0.327604 0.352778
1 0.542188 0.575926 0.106250 0.105556
1 0.423958 0.556481 0.080208 0.075926
1 0.399479 0.520833 0.057292 0.073148
1 0.595313 0.511111 0.071875 0.057407
1 0.488021 0.528704 0.062500 0.057407
1 0.437500 0.531481 0.053125 0.066667
1 0.462500 0.518056 0.042708 0.071296
1 0.262240 0.534259 0.063021 0.064815
1 0.278646 0.524537 0.047917 0.065741
1 0.129948 0.548611 0.058854 0.078704
1 0.066406 0.605556 0.131771 0.170370
1 0.027344 0.559722 0.053646 0.165741
0 0.595312 0.591667 0.039063 0.077778
0 0.217187 0.518750 0.023438 0.073611
