1 0.156250 0.462037 0.098958 0.092593
1 0.188542 0.536111 0.120833 0.133333
1 0.310937 0.577315 0.169792 0.165741
1 0.265104 0.384259 0.046875 0.057407
1 0.390885 0.432407 0.063021 0.062963
1 0.526302 0.460185 0.071354 0.088889
1 0.579167 0.434722 0.066667 0.065741
1 0.637760 0.415741 0.053646 0.062963
1 0.044531 0.486111 0.089062 0.133333
1 0.123828 0.424306 0.063281 0.104167
1 0.207422 0.398611 0.066406 0.058333
1 0.339063 0.397222 0.056250 0.066667
1 0.371094 0.396528 0.034375 0.045833
1 0.454688 0.375000 0.046875 0.047222
1 0.484375 0.392361 0.031250 0.034722
1 0.508594 0.403472 0.043750 0.045833
1 0.592969 0.386111 0.037500 0.041667
1 0.714063 0.372917 0.040625 0.045833
1 0.750781 0.362500 0.034375 0.044444
1 0.899609 0.374306 0.032031 0.048611
1 0.931250 0.386806 0.067188 0.090278
1 0.983203 0.360417 0.027344 0.040278
