1 0.085938 0.499537 0.087500 0.062037
1 0.344271 0.628241 0.211458 0.156481
1 0.205729 0.512037 0.082292 0.090741
1 0.280729 0.554630 0.097917 0.105556
1 0.383854 0.506481 0.043750 0.048148
1 0.442448 0.534259 0.063021 0.064815
1 0.449479 0.508796 0.044792 0.069444
1 0.508854 0.519907 0.052083 0.052778
1 0.540104 0.513889 0.043750 0.055556
1 0.575521 0.562963 0.103125 0.092593
1 0.583073 0.513426 0.044271 0.062037
1 0.612240 0.499074 0.050521 0.048148
1 0.639323 0.508333 0.040104 0.051852
1 0.663021 0.520833 0.053125 0.054630
1 0.670833 0.500463 0.051042 0.060185
1 0.710677 0.493981 0.039062 0.054630
1 0.746615 0.505093 0.066146 0.065741
1 0.936719 0.537037 0.105729 0.129630
1 0.904687 0.501852 0.064583 0.096296
1 0.767969 0.721759 0.303646 0.393519
