1 0.053385 0.322222 0.102604 0.125926
1 0.148177 0.285185 0.060937 0.074074
1 0.202865 0.281481 0.048438 0.059259
1 0.241667 0.314815 0.055208 0.064815
1 0.313021 0.370370 0.119792 0.094444
1 0.310677 0.612963 0.281771 0.377778
1 0.361198 0.298148 0.047396 0.044444
1 0.441927 0.325000 0.057813 0.070370
1 0.471094 0.310185 0.040104 0.055556
1 0.559375 0.359722 0.093750 0.112037
1 0.663021 0.350926 0.090625 0.088889
1 0.689583 0.428241 0.112500 0.125000
1 0.820312 0.503704 0.189583 0.181481
1 0.903906 0.362963 0.074479 0.064815
1 0.763021 0.292130 0.038542 0.054630
1 0.707031 0.294907 0.054688 0.049074
