1 0.106510 0.595833 0.211979 0.312037
1 0.785677 0.701389 0.428646 0.597222
1 0.486198 0.472685 0.196354 0.180556
1 0.225781 0.405093 0.114062 0.119444
1 0.102344 0.364352 0.066146 0.073148
1 0.361979 0.385185 0.100000 0.094444
1 0.422396 0.382407 0.081250 0.092593
1 0.510156 0.366204 0.061979 0.073148
1 0.564583 0.354630 0.077083 0.088889
1 0.613021 0.368519 0.076042 0.081481
1 0.657813 0.403704 0.103125 0.090741
1 0.490625 0.342130 0.055208 0.060185
1 0.235677 0.351389 0.074479 0.073148
1 0.157031 0.341667 0.071354 0.081481
1 0.750260 0.352315 0.064062 0.067593
1 0.809896 0.374537 0.105208 0.086111
1 0.856771 0.366204 0.056250 0.062037
