0 0.301042 0.462500 0.035417 0.134259
0 0.714844 0.503241 0.051562 0.076852
0 0.722396 0.456481 0.026042 0.050000
0 0.755990 0.461111 0.031771 0.037037
1 0.044271 0.460648 0.087500 0.165741
1 0.085938 0.451389 0.098958 0.112037
1 0.219531 0.447685 0.138021 0.141667
1 0.347656 0.450926 0.070312 0.105556
1 0.681250 0.468519 0.084375 0.081481
1 0.863542 0.707870 0.272917 0.426852
1 0.915885 0.493519 0.123438 0.124074
0 0.890234 0.731250 0.113281 0.273611
0 0.519531 0.518750 0.042188 0.087500
0 0.527734 0.421528 0.038281 0.104167
1 0.503516 0.501389 0.122656 0.141667
