1 0.048958 0.483796 0.093750 0.112037
1 0.103385 0.781019 0.199479 0.412037
1 0.091146 0.387963 0.048958 0.044444
1 0.136458 0.355093 0.046875 0.052778
1 0.183073 0.401389 0.070312 0.075000
1 0.210156 0.382407 0.050521 0.064815
1 0.305729 0.430093 0.094792 0.117593
1 0.412500 0.406944 0.081250 0.086111
1 0.441146 0.485185 0.108333 0.114815
1 0.557031 0.540278 0.158854 0.156481
1 0.502604 0.322222 0.040625 0.053704
1 0.452865 0.332407 0.049479 0.057407
1 0.575260 0.334722 0.052604 0.073148
1 0.623698 0.379630 0.066146 0.061111
1 0.696354 0.317130 0.033333 0.037963
1 0.772135 0.417130 0.078646 0.095370
1 0.834115 0.390278 0.068229 0.076852
1 0.901042 0.367593 0.071875 0.068519
1 0.844531 0.323611 0.047396 0.036111
