1 0.163542 0.669444 0.296875 0.385185
1 0.018490 0.444444 0.035937 0.059259
1 0.012500 0.534259 0.023958 0.100000
1 0.046875 0.456481 0.042708 0.044444
1 0.073438 0.473611 0.060417 0.052778
1 0.133073 0.438889 0.045312 0.040741
1 0.167969 0.450463 0.063021 0.049074
1 0.345313 0.469907 0.081250 0.106481
1 0.319271 0.453241 0.057292 0.069444
1 0.435417 0.506481 0.109375 0.090741
1 0.454948 0.448148 0.053646 0.051852
1 0.522396 0.436111 0.048958 0.053704
1 0.585677 0.444444 0.049479 0.040741
1 0.612240 0.454167 0.057813 0.039815
1 0.613281 0.525926 0.135937 0.101852
1 0.690885 0.441667 0.065104 0.050000
1 0.772917 0.447685 0.085417 0.058333
1 0.803646 0.478704 0.130208 0.100000
