1 0.202865 0.796296 0.296354 0.387037
1 0.081771 0.454167 0.079167 0.087963
1 0.172917 0.527778 0.118750 0.114815
1 0.213021 0.443056 0.052083 0.054630
1 0.303646 0.461111 0.072917 0.087037
1 0.421615 0.485185 0.097396 0.118519
1 0.519271 0.474537 0.089583 0.084259
1 0.554948 0.547222 0.108854 0.116667
1 0.675000 0.602315 0.163542 0.175000
1 0.733333 0.460185 0.064583 0.064815
1 0.805208 0.394444 0.040625 0.046296
1 0.888542 0.499537 0.080208 0.095370
1 0.955208 0.469444 0.082292 0.087037
1 0.964844 0.409722 0.060937 0.052778
1 0.608854 0.398611 0.051042 0.054630
1 0.556771 0.415278 0.053125 0.054630
