1 0.027344 0.468056 0.053646 0.106481
1 0.089323 0.465278 0.055729 0.062037
1 0.167448 0.460648 0.046354 0.045370
1 0.235937 0.487500 0.073958 0.065741
1 0.377344 0.519444 0.089063 0.092593
1 0.285156 0.445833 0.055729 0.065741
1 0.332552 0.461111 0.047396 0.046296
1 0.445312 0.468056 0.066667 0.104630
1 0.565885 0.459722 0.059896 0.084259
1 0.610156 0.477778 0.068229 0.085185
1 0.654167 0.505093 0.092708 0.112037
1 0.773438 0.472222 0.054167 0.074074
1 0.817969 0.488889 0.073438 0.087037
1 0.894271 0.555556 0.161458 0.185185
0 0.230469 0.440741 0.018229 0.044444
0 0.357812 0.448148 0.029167 0.055556
0 0.525521 0.451852 0.018750 0.068519
