1 0.058073 0.504630 0.115104 0.101852
1 0.244792 0.639815 0.282292 0.364815
1 0.019531 0.444444 0.038021 0.059259
1 0.062760 0.443519 0.045312 0.053704
1 0.103385 0.437963 0.046354 0.061111
1 0.135156 0.438889 0.036979 0.044444
1 0.159635 0.452778 0.066146 0.048148
1 0.215365 0.422222 0.038021 0.046296
1 0.246094 0.433333 0.058854 0.055556
1 0.416927 0.451389 0.085938 0.115741
1 0.504167 0.488889 0.110417 0.090741
1 0.520312 0.432407 0.052083 0.053704
1 0.587240 0.419444 0.048438 0.055556
1 0.682292 0.513426 0.138542 0.119444
1 0.652865 0.430093 0.047396 0.054630
1 0.682292 0.438889 0.060417 0.059259
1 0.759115 0.429167 0.060937 0.056481
1 0.838542 0.432870 0.069792 0.063889
1 0.880729 0.461111 0.134375 0.103704
