1 0.154427 0.695833 0.301563 0.408333
1 0.026953 0.356250 0.053906 0.065278
1 0.066016 0.380556 0.063281 0.077778
1 0.147266 0.443750 0.132031 0.106944
1 0.177734 0.345833 0.044531 0.047222
1 0.201562 0.360417 0.046875 0.054167
1 0.246484 0.331250 0.047656 0.054167
1 0.321094 0.358333 0.054688 0.052778
1 0.290625 0.373611 0.078125 0.066667
1 0.409375 0.393750 0.093750 0.109722
1 0.508984 0.386111 0.082031 0.086111
1 0.539453 0.448611 0.116406 0.113889
1 0.655078 0.508333 0.166406 0.163889
1 0.551562 0.327083 0.057813 0.054167
1 0.600781 0.315278 0.039063 0.058333
1 0.678906 0.334028 0.050000 0.059722
1 0.707812 0.328472 0.035937 0.043056
1 0.725000 0.370139 0.071875 0.059722
1 0.800781 0.311806 0.045313 0.043056
1 0.834375 0.327778 0.035937 0.036111
1 0.863672 0.346528 0.050781 0.045833
1 0.881641 0.333333 0.042969 0.041667
1 0.960156 0.325694 0.046875 0.048611
1 0.946484 0.381944 0.083594 0.083333
1 0.881641 0.405556 0.091406 0.100000
