1 0.072396 0.681019 0.108333 0.134259
1 0.191927 0.709722 0.145313 0.119444
1 0.423958 0.725463 0.150000 0.134259
1 0.263542 0.625926 0.054167 0.051852
1 0.189323 0.644444 0.066146 0.064815
1 0.044010 0.889815 0.086979 0.220370
1 0.031771 0.663426 0.059375 0.076852
1 0.335938 0.632870 0.047917 0.050926
1 0.380990 0.638889 0.070312 0.050000
1 0.438802 0.619444 0.064062 0.064815
1 0.527083 0.630093 0.069792 0.063889
1 0.576302 0.646296 0.121354 0.103704
0 0.368750 0.839352 0.097917 0.321296
0 0.778125 0.686574 0.051042 0.204630
