0 0.865625 0.733796 0.112500 0.395370
1 0.463542 0.779630 0.367708 0.440741
1 0.400000 0.633796 0.134375 0.141667
1 0.229167 0.599074 0.125000 0.101852
1 0.068750 0.575463 0.072917 0.069444
1 0.685937 0.559722 0.122917 0.104630
1 0.918750 0.580556 0.162500 0.150000
1 0.870052 0.484259 0.058854 0.057407
1 0.961979 0.461111 0.071875 0.053704
1 0.835156 0.478704 0.056771 0.046296
1 0.754948 0.471759 0.054688 0.063889
1 0.681250 0.493981 0.058333 0.054630
1 0.578646 0.523611 0.083333 0.121296
1 0.542188 0.507870 0.034375 0.065741
1 0.402344 0.516204 0.058854 0.056481
1 0.368490 0.506481 0.034896 0.033333
1 0.322656 0.536111 0.059896 0.053704
1 0.076302 0.539815 0.055729 0.046296
1 0.148438 0.549074 0.054167 0.059259
1 0.186979 0.539352 0.053125 0.052778
1 0.236719 0.525000 0.042188 0.050000
1 0.269010 0.513889 0.041146 0.048148
