1 0.082812 0.418056 0.076042 0.065741
1 0.747656 0.435648 0.127604 0.100926
1 0.059375 0.379167 0.043750 0.047222
1 0.166406 0.348611 0.045313 0.047222
1 0.223828 0.377083 0.046094 0.045833
1 0.241016 0.437500 0.086719 0.100000
1 0.298438 0.404861 0.076563 0.081944
1 0.316797 0.354861 0.047656 0.043056
1 0.357422 0.385417 0.069531 0.062500
1 0.623438 0.348611 0.051562 0.083333
1 0.772656 0.320833 0.037500 0.041667
1 0.749219 0.329167 0.050000 0.041667
1 0.716797 0.356250 0.060156 0.062500
1 0.749609 0.384722 0.096094 0.080556
1 0.846875 0.302778 0.046875 0.055556
1 0.891797 0.364583 0.083594 0.076389
1 0.981641 0.302778 0.035156 0.055556
