1 0.026302 0.450000 0.051562 0.094444
1 0.071354 0.481944 0.091667 0.069444
1 0.162500 0.486111 0.130208 0.131481
1 0.199479 0.593981 0.208333 0.165741
1 0.285677 0.451389 0.064062 0.047222
1 0.303646 0.439815 0.054167 0.057407
1 0.347135 0.462963 0.063021 0.053704
1 0.358854 0.511111 0.134375 0.107407
1 0.497656 0.453241 0.065104 0.050926
1 0.626823 0.468981 0.115104 0.104630
1 0.652865 0.524537 0.115104 0.119444
1 0.899740 0.707870 0.200521 0.500926
0 0.500391 0.475000 0.028906 0.088889
0 0.596484 0.464583 0.032031 0.126389
0 0.907812 0.738889 0.089062 0.200000
0 0.963281 0.761806 0.071875 0.220833
