1 0.074479 0.644444 0.147917 0.177778
1 0.088802 0.510185 0.043229 0.040741
1 0.158073 0.540278 0.067187 0.065741
1 0.165104 0.507407 0.044792 0.053704
1 0.231510 0.521759 0.061979 0.060185
1 0.263021 0.514815 0.046875 0.050000
1 0.298698 0.561574 0.107813 0.104630
1 0.310677 0.505556 0.044271 0.050000
1 0.340885 0.500000 0.044271 0.046296
1 0.365885 0.506481 0.042188 0.044444
1 0.385937 0.520833 0.056250 0.058333
1 0.435156 0.493981 0.040104 0.037963
1 0.464844 0.506481 0.059896 0.055556
1 0.477865 0.707870 0.274479 0.350926
1 0.626823 0.526389 0.069271 0.108333
1 0.599219 0.505093 0.059896 0.076852
1 0.716406 0.561111 0.114062 0.096296
1 0.685937 0.496296 0.051042 0.048148
1 0.735938 0.505556 0.061458 0.057407
1 0.816146 0.492130 0.051042 0.062037
1 0.892188 0.501389 0.055208 0.058333
1 0.926562 0.510185 0.073958 0.059259
1 0.925781 0.595370 0.148438 0.137037
