1 0.658073 0.712963 0.508854 0.574074
1 0.342448 0.492593 0.197396 0.179630
1 0.079427 0.431944 0.122396 0.115741
1 0.089844 0.376852 0.084896 0.087037
1 0.216146 0.407407 0.111458 0.096296
1 0.278906 0.399074 0.092188 0.096296
1 0.368490 0.388426 0.069271 0.078704
1 0.419010 0.374074 0.072396 0.077778
1 0.470573 0.384722 0.067187 0.071296
1 0.509635 0.414815 0.097396 0.096296
1 0.530990 0.375926 0.070312 0.081481
1 0.602865 0.366204 0.060937 0.069444
1 0.667188 0.390741 0.104167 0.090741
1 0.957292 0.432870 0.085417 0.199074
1 0.942708 0.397222 0.084375 0.138889
1 0.709375 0.377315 0.060417 0.075000
0 0.767969 0.393056 0.028125 0.066667
0 0.798828 0.395833 0.024219 0.061111
