0 0.031510 0.475926 0.061979 0.116667
0 0.918750 0.406944 0.034375 0.104630
1 0.546094 0.583796 0.322396 0.310185
1 0.749219 0.477778 0.142187 0.133333
1 0.795052 0.437963 0.113021 0.100000
1 0.375260 0.443519 0.141146 0.127778
1 0.509896 0.402315 0.077083 0.071296
1 0.603646 0.408796 0.113542 0.115741
1 0.652865 0.386574 0.069271 0.075000
1 0.715625 0.393519 0.052083 0.050000
1 0.868490 0.403241 0.066146 0.054630
1 0.242708 0.416667 0.112500 0.096296
1 0.185938 0.390278 0.059375 0.067593
1 0.061979 0.366667 0.055208 0.050000
1 0.106510 0.359722 0.044271 0.052778
1 0.231250 0.377315 0.089583 0.071296
