1 0.144010 0.786111 0.286979 0.337037
1 0.030990 0.654167 0.060937 0.236111
1 0.182552 0.507870 0.070312 0.069444
1 0.301823 0.548611 0.114062 0.110185
1 0.577083 0.614815 0.214583 0.183333
1 0.890625 0.693519 0.218750 0.248148
1 0.884115 0.809722 0.231771 0.380556
1 0.439063 0.518056 0.102083 0.095370
1 0.499479 0.504630 0.085417 0.098148
1 0.312240 0.486111 0.080729 0.081481
1 0.233594 0.479167 0.061979 0.071296
1 0.585677 0.489815 0.076563 0.079630
1 0.640625 0.481481 0.083333 0.101852
1 0.695833 0.481019 0.066667 0.071296
1 0.742708 0.516667 0.105208 0.094444
1 0.612240 0.453704 0.068229 0.096296
1 0.746875 0.465278 0.070833 0.080556
1 0.787500 0.451389 0.067708 0.084259
1 0.829427 0.462500 0.068229 0.071296
1 0.897656 0.474537 0.118229 0.104630
