1 0.839583 0.629167 0.320833 0.300926
1 0.945312 0.549074 0.109375 0.272222
1 0.927604 0.431019 0.078125 0.067593
1 0.685417 0.448611 0.078125 0.067593
1 0.790885 0.434259 0.121354 0.127778
1 0.689323 0.432870 0.064062 0.067593
1 0.588802 0.486111 0.145313 0.116667
1 0.164062 0.507870 0.183333 0.160185
1 0.131510 0.448148 0.098437 0.094444
1 0.174479 0.438889 0.084375 0.083333
1 0.140885 0.410648 0.069271 0.076852
1 0.256771 0.414815 0.052083 0.057407
1 0.280469 0.406944 0.038021 0.041667
1 0.376823 0.436111 0.050521 0.053704
1 0.444010 0.462963 0.094271 0.077778
1 0.602083 0.421759 0.080208 0.063889
1 0.550521 0.415741 0.046875 0.044444
1 0.402865 0.416667 0.066146 0.053704
