1 0.265365 0.398611 0.089063 0.093519
1 0.467708 0.422685 0.116667 0.134259
1 0.636198 0.385185 0.109896 0.098148
1 0.865365 0.402315 0.115104 0.160185
1 0.361719 0.362500 0.059896 0.062037
1 0.399740 0.378241 0.066146 0.073148
1 0.206510 0.373148 0.068229 0.068519
1 0.158594 0.352778 0.055729 0.075926
1 0.031510 0.369907 0.061979 0.112037
1 0.533333 0.354630 0.037500 0.042593
0 0.118490 0.342130 0.019271 0.063889
0 0.760417 0.381019 0.021875 0.065741
0 0.784115 0.400926 0.029687 0.088889
1 0.405469 0.337500 0.056771 0.062037
