1 0.022656 0.222222 0.043750 0.050000
1 0.043359 0.233333 0.044531 0.055556
1 0.176953 0.233333 0.061719 0.052778
1 0.157422 0.254167 0.077344 0.069444
1 0.048437 0.318056 0.096875 0.111111
1 0.137500 0.544444 0.271875 0.377778
1 0.287500 0.275694 0.098438 0.115278
1 0.353125 0.219444 0.051562 0.075000
1 0.387891 0.266667 0.091406 0.086111
1 0.425000 0.325694 0.110937 0.112500
1 0.542969 0.378472 0.154687 0.145833
1 0.416016 0.206944 0.058594 0.052778
1 0.464453 0.196528 0.046094 0.051389
1 0.537109 0.213889 0.053906 0.063889
1 0.590625 0.253472 0.060938 0.059722
1 0.708594 0.229167 0.051562 0.044444
1 0.727344 0.284722 0.079687 0.088889
1 0.784766 0.263194 0.072656 0.073611
1 0.794531 0.212500 0.059375 0.044444
1 0.839844 0.249306 0.082813 0.065278
