1 0.076042 0.648148 0.151042 0.185185
1 0.073958 0.512963 0.046875 0.050000
1 0.142448 0.540278 0.072396 0.065741
1 0.146094 0.518056 0.039062 0.067593
1 0.220573 0.519907 0.059896 0.056481
1 0.257292 0.508333 0.048958 0.051852
1 0.291146 0.567130 0.113542 0.104630
1 0.303646 0.515741 0.045833 0.055556
1 0.324740 0.493981 0.046354 0.054630
1 0.357812 0.504630 0.032292 0.044444
1 0.382292 0.521759 0.046875 0.056481
1 0.430469 0.492130 0.034896 0.034259
1 0.462500 0.505093 0.057292 0.062037
1 0.469531 0.720370 0.269271 0.372222
1 0.621875 0.531481 0.083333 0.109259
1 0.597656 0.502315 0.049479 0.063889
1 0.712240 0.566204 0.111979 0.110185
1 0.675781 0.492593 0.049479 0.044444
1 0.728906 0.496759 0.054688 0.052778
1 0.802083 0.487963 0.051042 0.053704
1 0.881510 0.503241 0.061979 0.058333
1 0.912240 0.506481 0.067187 0.055556
1 0.918229 0.590278 0.153125 0.126852
1 0.983333 0.498611 0.033333 0.060185
1 0.928385 0.492130 0.060937 0.076852
