1 0.063542 0.439815 0.079167 0.081481
1 0.147135 0.498148 0.130729 0.101852
1 0.149479 0.759259 0.294792 0.405556
1 0.195312 0.413426 0.052083 0.058333
1 0.292448 0.435648 0.075521 0.073148
1 0.409115 0.458333 0.090104 0.114815
1 0.511198 0.443981 0.079687 0.089815
1 0.541406 0.521296 0.107813 0.101852
1 0.657292 0.581944 0.161458 0.171296
1 0.604688 0.382870 0.033333 0.049074
1 0.728646 0.439815 0.061458 0.061111
1 0.881771 0.480093 0.080208 0.091667
1 0.947135 0.456019 0.079687 0.080556
1 0.484766 0.412500 0.050781 0.088889
1 0.555078 0.392361 0.058594 0.056944
1 0.675000 0.398611 0.056250 0.069444
1 0.707031 0.400694 0.035937 0.045833
1 0.796875 0.381250 0.048437 0.045833
1 0.860547 0.417361 0.058594 0.045833
1 0.879297 0.405556 0.052344 0.050000
1 0.958594 0.401389 0.050000 0.041667
