1 0.743490 0.592130 0.264062 0.250926
1 0.409635 0.480093 0.130729 0.115741
1 0.050521 0.516667 0.100000 0.174074
1 0.233333 0.460185 0.105208 0.087037
1 0.130208 0.413889 0.078125 0.059259
1 0.110937 0.431944 0.059375 0.065741
1 0.082812 0.400926 0.042708 0.053704
1 0.054167 0.394444 0.047917 0.048148
1 0.288542 0.411111 0.056250 0.050000
1 0.345313 0.412037 0.068750 0.087037
1 0.439323 0.437037 0.060937 0.066667
1 0.739323 0.492130 0.148438 0.150926
1 0.761458 0.537963 0.160417 0.177778
1 0.911719 0.444907 0.120313 0.110185
1 0.983333 0.488889 0.033333 0.105556
1 0.546094 0.431019 0.111979 0.121296
0 0.127734 0.516667 0.074219 0.119444
0 0.103906 0.655556 0.164063 0.297222
0 0.072266 0.502778 0.030469 0.097222
