1 0.156510 0.648148 0.246354 0.181481
1 0.085156 0.568981 0.118229 0.126852
1 0.271094 0.531019 0.069271 0.067593
1 0.208073 0.512037 0.049479 0.051852
1 0.276823 0.513426 0.044271 0.065741
1 0.346354 0.516204 0.057292 0.056481
1 0.376302 0.508333 0.049479 0.048148
1 0.412500 0.557870 0.107292 0.115741
1 0.421875 0.510185 0.047917 0.055556
1 0.437760 0.490278 0.042188 0.065741
1 0.474740 0.497222 0.035937 0.046296
1 0.496875 0.520833 0.052083 0.050926
1 0.541406 0.492130 0.036979 0.034259
1 0.572135 0.500926 0.053646 0.048148
1 0.588802 0.708796 0.271354 0.360185
1 0.550781 0.595370 0.117188 0.148148
1 0.738021 0.520833 0.079167 0.115741
1 0.710417 0.499537 0.043750 0.069444
1 0.838021 0.557407 0.127083 0.096296
1 0.855729 0.499537 0.058333 0.054630
1 0.798958 0.490741 0.046875 0.048148
1 0.937760 0.482407 0.050521 0.050000
