1 0.140625 0.692593 0.280208 0.412963
1 0.034896 0.489815 0.068750 0.061111
1 0.016927 0.466667 0.032813 0.042593
1 0.096875 0.455556 0.044792 0.046296
1 0.130469 0.468981 0.064062 0.052778
1 0.308854 0.480093 0.080208 0.112037
1 0.282292 0.465278 0.053125 0.069444
1 0.398958 0.512963 0.106250 0.092593
1 0.418229 0.459259 0.048958 0.053704
1 0.489583 0.443519 0.042708 0.050000
1 0.555208 0.450926 0.052083 0.046296
1 0.580208 0.457407 0.054167 0.042593
1 0.579167 0.534259 0.128125 0.111111
1 0.657292 0.444444 0.060417 0.055556
1 0.735938 0.454167 0.066667 0.052778
1 0.763542 0.480556 0.123958 0.092593
