1 0.086719 0.591667 0.172396 0.162963
1 0.023438 0.373611 0.042708 0.054630
1 0.698698 0.347222 0.061979 0.075926
1 0.849609 0.318056 0.039844 0.044444
1 0.825781 0.327778 0.043750 0.041667
1 0.793750 0.356944 0.064062 0.063889
1 0.827344 0.379861 0.092188 0.079167
1 0.828906 0.436111 0.140625 0.108333
1 0.950391 0.328472 0.049219 0.051389
1 0.973437 0.359028 0.051562 0.079167
1 0.930469 0.295833 0.046875 0.061111
1 0.390234 0.355556 0.039844 0.044444
1 0.431641 0.386806 0.064844 0.054167
1 0.373437 0.409722 0.075000 0.075000
1 0.300781 0.382639 0.045313 0.045833
1 0.318750 0.438194 0.081250 0.095833
1 0.247656 0.354167 0.040625 0.047222
1 0.160938 0.373611 0.040625 0.041667
1 0.148828 0.384722 0.041406 0.044444
1 0.110547 0.383333 0.064844 0.075000
1 0.166406 0.420139 0.073437 0.073611
