0 0.166927 0.591204 0.151562 0.249074
0 0.248177 0.471759 0.041146 0.117593
0 0.298698 0.478704 0.059896 0.088889
1 0.865625 0.592130 0.268750 0.286111
1 0.175521 0.471759 0.180208 0.156481
1 0.102344 0.408333 0.096354 0.090741
1 0.094010 0.355093 0.058854 0.065741
1 0.133594 0.384722 0.070312 0.067593
1 0.210156 0.378704 0.047396 0.044444
1 0.230208 0.372222 0.046875 0.042593
1 0.308594 0.367593 0.042188 0.040741
1 0.336198 0.377778 0.041146 0.038889
1 0.342708 0.398148 0.052083 0.055556
1 0.363802 0.381019 0.072396 0.052778
1 0.426302 0.426389 0.091146 0.076852
1 0.579688 0.449537 0.133333 0.119444
1 0.949219 0.524537 0.101562 0.254630
1 0.764844 0.409722 0.113021 0.121296
1 0.028385 0.631944 0.055729 0.267593
1 0.510156 0.377778 0.044271 0.053704
1 0.568229 0.385648 0.078125 0.073148
1 0.647917 0.405093 0.077083 0.069444
1 0.401823 0.370833 0.061979 0.069444
