1 0.014323 0.524537 0.027604 0.076852
1 0.072656 0.515278 0.065104 0.058333
1 0.110937 0.501852 0.042708 0.050000
1 0.144531 0.552778 0.111979 0.098148
1 0.324740 0.700000 0.276562 0.366667
1 0.161979 0.496759 0.046875 0.056481
1 0.189844 0.493519 0.043229 0.053704
1 0.176042 0.480093 0.046875 0.069444
1 0.219531 0.494444 0.038021 0.048148
1 0.242188 0.510185 0.055208 0.055556
1 0.291667 0.478704 0.043750 0.038889
1 0.324740 0.489815 0.055729 0.046296
1 0.466927 0.493056 0.057813 0.082407
1 0.486458 0.515278 0.077083 0.112037
1 0.571354 0.545833 0.106250 0.104630
1 0.539583 0.481944 0.055208 0.062037
1 0.586458 0.484259 0.053125 0.053704
1 0.661198 0.475463 0.046354 0.056481
1 0.730729 0.487037 0.053125 0.051852
1 0.766927 0.574074 0.151562 0.125926
1 0.763802 0.494907 0.067187 0.067593
1 0.845573 0.485185 0.070312 0.059259
1 0.951302 0.512500 0.097396 0.121296
1 0.933854 0.486111 0.071875 0.077778
