1 0.955859 0.381944 0.088281 0.077778
1 0.974219 0.405556 0.051562 0.086111
1 0.962109 0.468056 0.075781 0.113889
1 0.856250 0.364583 0.070313 0.090278
1 0.525781 0.359028 0.050000 0.043056
1 0.569531 0.393056 0.064062 0.061111
1 0.515625 0.407639 0.073437 0.073611
1 0.461719 0.433333 0.079687 0.091667
1 0.302734 0.378472 0.039844 0.043056
1 0.268750 0.376389 0.054688 0.066667
1 0.321875 0.412500 0.071875 0.063889
1 0.191016 0.365278 0.047656 0.050000
1 0.137500 0.375694 0.067188 0.054167
1 0.052344 0.400694 0.065625 0.087500
1 0.082813 0.443056 0.100000 0.094444
1 0.114453 0.513194 0.135156 0.134722
1 0.242969 0.554861 0.181250 0.170833
