0 0.079427 0.680093 0.157812 0.291667
0 0.071875 0.546759 0.077083 0.125000
0 0.014844 0.539352 0.028646 0.117593
0 0.195052 0.443981 0.028646 0.112037
1 0.028906 0.453704 0.056771 0.064815
1 0.048698 0.429167 0.071354 0.063889
1 0.157031 0.482407 0.095312 0.085185
1 0.211979 0.428241 0.055208 0.058333
1 0.073438 0.417593 0.047917 0.066667
1 0.273698 0.431944 0.070312 0.080556
1 0.347656 0.496759 0.120313 0.110185
1 0.484375 0.455093 0.101042 0.100926
1 0.687240 0.600926 0.254688 0.240741
1 0.534115 0.431944 0.079687 0.058333
1 0.656771 0.501852 0.107292 0.131481
1 0.689844 0.533333 0.132812 0.144444
1 0.373177 0.455093 0.060937 0.069444
1 0.826042 0.449074 0.109375 0.092593
1 0.933073 0.485185 0.095312 0.098148
