1 0.209635 0.631944 0.226562 0.163889
1 0.141927 0.577778 0.101562 0.125926
1 0.252604 0.515741 0.045833 0.048148
1 0.318490 0.532407 0.065104 0.057407
1 0.321875 0.512963 0.050000 0.057407
1 0.386979 0.518981 0.054167 0.058333
1 0.416406 0.515741 0.043229 0.040741
1 0.448437 0.563426 0.101042 0.100926
1 0.457813 0.510185 0.047917 0.059259
1 0.487240 0.504630 0.038021 0.048148
1 0.509635 0.505556 0.041146 0.038889
1 0.534635 0.524537 0.047396 0.062037
1 0.583073 0.493981 0.040104 0.037963
1 0.610677 0.510185 0.058854 0.059259
1 0.630729 0.707870 0.283333 0.378704
1 0.789062 0.532407 0.094792 0.120370
1 0.758333 0.510185 0.056250 0.072222
1 0.888542 0.570833 0.128125 0.112037
