0 0.159896 0.633333 0.157292 0.283333
0 0.182031 0.491667 0.034896 0.103704
0 0.238802 0.498611 0.061979 0.102778
1 0.105469 0.488889 0.196354 0.151852
1 0.027865 0.450463 0.054688 0.121296
1 0.033854 0.418519 0.066667 0.077778
1 0.104688 0.394444 0.053125 0.040741
1 0.121354 0.385185 0.050000 0.040741
1 0.837760 0.593056 0.300521 0.260185
1 0.517188 0.467593 0.134375 0.129630
1 0.670312 0.424537 0.104167 0.126852
1 0.345833 0.441667 0.086458 0.085185
1 0.255208 0.418056 0.061458 0.067593
1 0.270573 0.399537 0.066146 0.062037
1 0.211719 0.385185 0.044271 0.040741
1 0.229948 0.396296 0.043229 0.040741
1 0.417969 0.397222 0.046354 0.057407
1 0.473958 0.397222 0.073958 0.077778
1 0.864062 0.470370 0.131250 0.138889
1 0.746615 0.405093 0.068229 0.058333
1 0.561979 0.426389 0.082292 0.062037
1 0.767448 0.400926 0.072396 0.042593
