1 0.105990 0.658796 0.210938 0.410185
1 0.040885 0.381944 0.056771 0.054630
1 0.080990 0.385185 0.084896 0.090741
1 0.149479 0.413889 0.080208 0.075926
1 0.247135 0.413426 0.110937 0.121296
1 0.328125 0.503704 0.159375 0.142593
1 0.339323 0.405093 0.060937 0.045370
1 0.351042 0.388889 0.051042 0.051852
1 0.399219 0.403704 0.058854 0.046296
1 0.431510 0.450463 0.125521 0.099074
1 0.545052 0.413889 0.064062 0.062963
1 0.677344 0.430093 0.111979 0.097222
1 0.722396 0.475463 0.108333 0.110185
1 0.946875 0.606944 0.106250 0.349074
0 0.610937 0.422222 0.029687 0.113889
