1 0.119792 0.758333 0.228125 0.435185
1 0.065104 0.440741 0.122917 0.118519
1 0.117969 0.340278 0.047396 0.050926
1 0.164844 0.311574 0.045312 0.049074
1 0.210677 0.355556 0.073438 0.070370
1 0.239844 0.337500 0.057813 0.058333
1 0.335417 0.381019 0.100000 0.104630
1 0.439063 0.366204 0.085417 0.091667
1 0.469271 0.447685 0.113542 0.115741
1 0.585417 0.498148 0.157292 0.144444
1 0.480469 0.292593 0.049479 0.050000
1 0.531771 0.279167 0.041667 0.049074
1 0.653385 0.338426 0.064062 0.076852
1 0.723958 0.270370 0.037500 0.042593
1 0.752865 0.289815 0.027604 0.031481
1 0.782813 0.302315 0.043750 0.041667
1 0.802083 0.376389 0.088542 0.102778
1 0.866146 0.346759 0.076042 0.086111
1 0.931510 0.322222 0.075521 0.081481
1 0.877865 0.280093 0.042188 0.041667
