1 0.061458 0.345370 0.040625 0.035185
1 0.534375 0.360648 0.058333 0.076852
1 0.652083 0.449537 0.128125 0.112037
1 0.675521 0.337500 0.051042 0.039815
1 0.789844 0.381019 0.065104 0.062037
1 0.876823 0.326389 0.043229 0.056481
1 0.904167 0.652315 0.191667 0.369444
1 0.746484 0.320833 0.047656 0.058333
1 0.218750 0.354167 0.050000 0.044444
1 0.244141 0.343056 0.033594 0.041667
1 0.116797 0.376389 0.050781 0.050000
1 0.141797 0.365278 0.047656 0.052778
1 0.132813 0.440972 0.100000 0.098611
1 0.197656 0.407639 0.082813 0.081944
1 0.260156 0.386111 0.073437 0.061111
