1 0.091406 0.777315 0.180729 0.397222
1 0.042969 0.517593 0.083854 0.100000
1 0.076823 0.441204 0.050521 0.056481
1 0.128646 0.414352 0.053125 0.049074
1 0.172656 0.457407 0.067187 0.077778
1 0.238542 0.423611 0.045833 0.049074
1 0.295052 0.477778 0.098437 0.103704
1 0.404427 0.465741 0.086979 0.079630
1 0.432292 0.538426 0.108333 0.100926
1 0.547135 0.587963 0.154688 0.159259
1 0.449219 0.402778 0.044271 0.046296
1 0.497917 0.397685 0.037500 0.041667
1 0.601042 0.415741 0.036458 0.040741
1 0.616927 0.453241 0.060937 0.058333
1 0.688802 0.397685 0.033854 0.041667
1 0.716667 0.413889 0.032292 0.035185
1 0.761458 0.485185 0.078125 0.092593
1 0.818750 0.462963 0.077083 0.074074
1 0.889323 0.446296 0.065104 0.068519
