0 0.024740 0.296759 0.021354 0.063889
0 0.330469 0.386111 0.031771 0.094444
0 0.673438 0.352315 0.021875 0.063889
0 0.694531 0.376389 0.041146 0.110185
0 0.403906 0.306944 0.013021 0.036111
0 0.419010 0.311111 0.013021 0.040741
1 0.065365 0.306944 0.061979 0.069444
1 0.121354 0.335648 0.078125 0.087963
1 0.183594 0.357870 0.096354 0.106481
1 0.279167 0.333796 0.059375 0.076852
1 0.322135 0.342130 0.065104 0.071296
1 0.391406 0.385185 0.115104 0.137037
1 0.553646 0.351852 0.096875 0.094444
1 0.770833 0.368056 0.115625 0.143519
1 0.453906 0.318056 0.042188 0.054630
1 0.557813 0.303241 0.081250 0.062037
