1 0.077865 0.386574 0.073438 0.069444
1 0.025521 0.343519 0.048958 0.040741
1 0.373177 0.358796 0.055729 0.073148
1 0.493750 0.451852 0.104167 0.094444
1 0.488802 0.399074 0.086979 0.070370
1 0.622396 0.382870 0.048958 0.060185
1 0.513802 0.337037 0.036979 0.040741
1 0.583073 0.325000 0.042188 0.044444
1 0.703125 0.333333 0.037500 0.050000
1 0.844531 0.352778 0.067187 0.059259
1 0.942969 0.459722 0.114062 0.137963
1 0.798177 0.659722 0.339062 0.343519
1 0.492578 0.344444 0.044531 0.044444
1 0.169141 0.343056 0.044531 0.050000
