1 0.142969 0.433333 0.060937 0.074074
1 0.229948 0.491204 0.110937 0.102778
1 0.274740 0.725926 0.272396 0.362963
1 0.267448 0.400926 0.045312 0.053704
1 0.304948 0.376852 0.045312 0.042593
1 0.353385 0.412037 0.074479 0.072222
1 0.465625 0.432407 0.092708 0.112963
1 0.566146 0.412963 0.090625 0.087037
1 0.598437 0.471296 0.116667 0.114815
1 0.727083 0.525000 0.160417 0.164815
1 0.789323 0.377778 0.072396 0.068519
1 0.951823 0.410185 0.094271 0.116667
1 0.862500 0.308333 0.041667 0.050000
1 0.652865 0.327315 0.055729 0.063889
