1 0.294792 0.751389 0.446875 0.330556
1 0.178906 0.613889 0.169271 0.185185
1 0.052865 0.520370 0.097396 0.133333
1 0.396354 0.499537 0.075000 0.073148
1 0.510677 0.545833 0.119271 0.123148
1 0.520052 0.488426 0.081771 0.080556
1 0.647917 0.514815 0.107292 0.096296
1 0.707292 0.507407 0.080208 0.096296
1 0.787500 0.623148 0.220833 0.192593
1 0.798438 0.489815 0.076042 0.074074
1 0.857031 0.476852 0.067187 0.081481
1 0.826562 0.466204 0.071875 0.110185
1 0.914323 0.490741 0.067187 0.083333
1 0.953906 0.526852 0.092188 0.107407
1 0.383854 0.473611 0.067708 0.075000
0 0.852604 0.541204 0.054167 0.128704
