1 0.832812 0.478472 0.092188 0.101389
1 0.564453 0.445833 0.036719 0.041667
1 0.550000 0.477083 0.054688 0.054167
1 0.632031 0.504861 0.081250 0.104167
1 0.446094 0.490278 0.050000 0.069444
1 0.316406 0.436806 0.040625 0.045833
1 0.357812 0.461806 0.050000 0.056944
1 0.394141 0.506250 0.091406 0.106944
1 0.364453 0.616667 0.127344 0.200000
1 0.516016 0.597222 0.107031 0.127778
1 0.223047 0.437500 0.035156 0.044444
1 0.194141 0.447222 0.050781 0.055556
1 0.141016 0.416667 0.041406 0.050000
1 0.035937 0.452778 0.071875 0.097222
1 0.135156 0.577083 0.126563 0.151389
