1 0.307422 0.415278 0.057031 0.072222
1 0.377734 0.511806 0.088281 0.112500
1 0.418750 0.414583 0.040625 0.045833
1 0.513672 0.411111 0.033594 0.038889
1 0.551562 0.439583 0.048437 0.056944
1 0.586719 0.480556 0.089062 0.097222
1 0.639063 0.471528 0.053125 0.073611
1 0.551953 0.575000 0.114844 0.183333
1 0.716797 0.594444 0.128906 0.141667
1 0.691797 0.432639 0.049219 0.045833
1 0.784375 0.433333 0.054688 0.044444
1 0.766797 0.464583 0.063281 0.059722
1 0.850391 0.432639 0.047656 0.043056
1 0.879687 0.508333 0.125000 0.127778
