0 0.173437 0.784314 0.215625 0.161765
0 0.354687 0.810049 0.215625 0.154412
0 0.182812 0.643382 0.156250 0.144608
0 0.396875 0.542892 0.168750 0.134804
0 0.701562 0.584559 0.159375 0.164216
0 0.908594 0.626225 0.182812 0.134804
0 0.913281 0.530637 0.173437 0.134804
0 0.613281 0.515931 0.160938 0.134804
0 0.788281 0.424020 0.142187 0.112745
0 0.946875 0.346814 0.106250 0.115196
0 0.507031 0.329657 0.148438 0.125000
0 0.707031 0.250000 0.129688 0.107843
0 0.882031 0.311275 0.110937 0.102941
0 0.798438 0.236520 0.103125 0.120098
